63944074
54615043
64624305
3081387
9573344
55597345
6054878
24274552
8914280
46874680
3217262
3329093
65370163
17443675
3223442
20890731
32174830
3907802
55128009
12481144
21792078
2972393
46332179
61705671
21412631
38362435
3253699
20540685
30169208
58375902
11568585
3254645
28748789
3260978
35007552
62616899
17664720
7616378
28714135
21382154
3159724
20119479
2803299
15768714
5167989
57277287
63254070
8782973
21074368
2033506
1057369
11398706
59019196
10018138
30670163
15702089
3762368
43227137
42210630
52133076
48245714
3280357
2701456
50374053
3280418
4220251
9649414
37927143
233079
3779886
24053598
47413310
13021936
6475344
49187675
3414761
23093517
21412989
40650517
30498836
22836788
5905003
3426798
56636703
17476703
3426887
69566279
16705944
47857481
729255
18719962
3426960
21008108
3437804
3438723
5845638
23926626
9345321
1009205
12511119
38281091
3205577
3370177
39244620
26138109
72093787
15501603
12518225
60115807
21412776
6457292
73078376
56993049
6373891
45411265
2842191
75596665
3110701
51286838
51207871
6237908
33795238
21284369
45259946
4732552
34747980
6043457
6839810
9038333
18367809
9997177
11572422
740855
35433735
31489172
59082988
5043922
15684697
51562726
3439096
47222665
4635007
37128172
9051814
10518461
9363456
6993544
50007651
11821358
54622913
3439312
28753765
1189612
22731308
28620296
9247564
32037634
19501512
51512749
5167248
11395170
21719504
15993887
34866893
65425385
55404238
49203373
25168600
3319095
19335882
8285183
2068336
20638201
46636113
51366115
31838509
69319720
3351677
3449131
57400832
5874901
4880851
52464146
1666293
18693518
13090018
3449542
2308119
46356232
38803982
6953026
3449681
3449953
7368608
12471124
45464221
27305748
21399519
34689060
47744047
41890860
67290249
30103521
37485392
6257343
40717726
29752272
3450004
36832275
65912605
1844968
34425940
48625789
5974112
13009262
71994083
53920716
28758981
3078358
3450022
1265241
3241238
1447170
21005125
28917322
62965758
3450649
17919299
18607174
11397538
13216519
2294831
12206920
12411158
36353490
61427384
12496561
48847700
5420015
3292904
3450713
47665081
5842703
18413735
1311455
36664093
41556215
56520601
56090020
1728044
45542566
58359362
3468104
20448780
501452
22946302
30169216
18106165
16576519
64606689
13459292
74487981
3458414
12400350
6553483
57589093
3460143
40249135
5759101
36919306
17496694
21384008
3467906
37597415
690726
34820612
59011719
18694304
3001189
52332739
5230665
20996083
56915420
11694488
58376090
15702639
21370046
21223342
26141203
9658894
3426698
21606964
30659931
35049190
3272105
2528541
3472792
4096788
8337516
7470807
3318031
5259581
61322110
34577002
37990158
58113475
45277367
3473177
3473538
28618416
65840393
21194007
17953912
42350321
20449148
60734945
3476683
5571439
3635808
18004024
11865568
37592519
567909
3032484
50568464
34812914
60290165
5060678
18313956
61667097
4132211
152680
3476851
3476941
60493666
20884064
40796722
62482204
34843245
10770894
3477289
45275583
3477381
9998004
8614121
34842886
21576310
3134752
40546438
36727004
58125540
34842416
63975733
3487693
21522672
3487862
3488125
3488411
27485726
971569
24077792
24396481
12828966
64303013
28618588
60606596
3493151
7966716
32445056
61455772
15059326
57020937
20598248
24970262
5233183
13881545
17605073
5285260
20925874
9829679
13664298
3493600
13664344
3051931
45205604
56058865
8073221
23402005
11287827
21394159
6228369
57474687
3496951
20098639
41433314
17488360
23792842
1440545
7492865
2147193
68513945
57796749
8372720
3081225
17353818
21395845
47612045
990613
3499870
43431360
18904026
31803502
1528132
7133292
52961231
28320250
3499923
7367770
21019133
49394297
32444258
32884032
5659015
21397993
4660582
40195871
2140013
7654668
37513321
2567971
21576400
29009331
34678123
1371395
29321441
17644811
47395175
3501569
11365330
6257453
64297244
58265998
21988162
63344863
28814841
29385611
17953148
16980736
1129681
15629029
3502632
65540669
18663535
44156274
12738819
20992852
4422831
20446937
3506060
8603933
20598467
15897093
3506983
70356976
65557114
55893792
60284775
21063831
32444314
21058136
28826790
31427493
21792581
1447221
69520599
21702126
50387307
32778777
75161918
3511873
6097124
3521787
25954211
54895973
6550409
31427489
1447300
19480430
20613200
30186033
34350214
3521753
8096980
3696476
12174108
6050453
12631272
2194769
19228199
60261539
59112324
31479023
11053756
20945798
3524294
31754583
21268872
6257400
14487627
37478374
60671890
64119181
8571771
10478758
8031924
1467158
21019460
19748698
17191932
3318364
31479024
5194492
35527546
17225516
6143982
8786616
25907280
31522699
31479025
1886415
3524515
4987297
21007213
58015378
3524621
1860220
60139198
6368934
31489179
67264406
69354621
5149412
4512843
6166943
3577162
31479038
67733522
5558837
3577219
3351401
11653255
1440525
5220751
64396442
51561376
58017384
5727740
3577485
2958339
45468182
41102952
15913494
2988257
21398568
8807364
18978395
60378432
2320366
19467298
36323029
43457007
25659235
33056323
20598754
64273608
6621074
33248554
21701175
31109810
1084490
5946209
7189971
21097742
41982628
65562278
16488697
21606886
13483487
2165157
3644218
21281082
13705786
34525240
21091797
69131326
5598541
10682451
43974094
34687359
15423893
1030463
22450047
21076357
66267578
16787958
430849
62965783
50032203
65536390
21482713
2239130
40112947
12120672
13130413
17160254
3312671
1033604
21422008
21193037
66061037
59552530
62965681
17192710
36626659
58350728
21658963
9090998
65556659
28855676
18496853
6117325
36702105
24814988
35500643
21594668
13956506
48219745
20976987
33542922
11633482
15053135
35676707
51257567
5636444
61515851
21395915
35677411
1030117
20979744
15702744
13703912
3373616
25284259
6257333
21328765
5497464
21412232
6499086
17065554
58074752
6011943
40111002
739509
5543984
74597212
17386837
12274799
39595757
12002857
24378190
7289166
18919886
30704811
11467587
33248411
24535464
59077948
21060366
12863026
58491417
67292362
43942408
30111064
52042637
43648604
31757573
16930675
21095015
28449280
21057442
11933299
51281810
12397893
2297189
21209099
5144680
70552844
5312570
6578269
6257384
8331805
12213055
12019180
19219266
28384507
9161453
36722148
67009975
25931579
6257331
1036039
11664519
8839414
28679922
11159022
11322019
1679191
32970190
6149804
32555065
36630362
49753218
6158092
53240266
6404168
19620639
11110728
20962980
7105127
3131650
12152545
60544319
3373666
30695039
62008643
36909154
65407676
1107442
11632694
24480262
37367777
5130808
30911094
8839502
21395286
51561630
56369874
2771408
17730810
17730959
20924685
18797078
20445968
12691475
21464391
2969263
46195815
6153328
65959481
8604467
1060880
2403996
7109747
21090997
14276461
71486320
21092117
9974018
30650470
1287233
731088
64664154
5158620
12561321
1123834
18097536
8618078
59581594
15099721
5828907
4336151
44238741
58787921
8262167
58901341
31549568
46325179
2990713
4391903
13565921
20878362
6895188
43942661
34331564
7095603
8614924
15487831
65362706
9069284
66402567
21393934
38532679
8454325
3578367
1113636
64120137
65554956
28868737
18701324
24116088
40844175
3367365
5570205
61391629
48227962
68400578
5298788
38558166
7617361
6260575
7661988
65541091
75288919
20882593
12446091
7242823
69699428
19446549
36339279
54116647
6818192
1996387
33019952
30175884
19759229
5219911
16722723
7097109
68470573
62636897
18942673
21078740
55841003
20976287
9360017
1647508
55287838
6765142
17196499
57435678
53623535
23192062
66281854
18250432
10860430
33245712
21081007
36712863
7483805
58241020
1186451
38333762
32762386
28463603
3000613
38750293
196804
7617577
60553084
21268725
38838305
880064
66277519
43684180
20599397
59331531
8571790
71472859
19356231
21480101
36425551
20948368
12307202
18316684
16453675
21477925
15053304
21582009
53374478
58304557
12807363
62690900
60082006
65782884
2577252
55696133
27905955
54092986
29410994
28935467
6257417
2958391
35533690
11362397
7662469
7819470
49538223
19570009
3538161
1838642
50586572
20515558
6479850
42167771
9383177
2246292
6715143
5932590
4581909
39323414
4582202
1810004
21379502
4657900
13944574
10793559
4171054
7607019
61944350
20929288
20326787
48621084
21381761
3800694
2429811
17007029
36805964
58638429
56284730
8798887
37503953
16843633
31902099
51152219
35787024
17387056
12318000
34916583
6822260
21423444
31403265
38392844
12778289
13136099
12631431
19452810
57128245
20841584
14480572
44721438
1031943
21077545
7472168
43522106
15949969
9781207
15702795
69409834
21492231
19228264
12237819
23649140
13222608
18666186
2110277
21790692
72816718
19529642
30544818
60299581
42664207
7350395
21479606
7271955
21073437
58375393
51261669
61373470
66146956
21423823
16160780
67734311
29452349
19302185
20976787
13023396
21462598
25584289
1028629
1346723
28542289
47036626
7579072
20598892
13047129
5425928
21079951
21380248
47104020
862138
21090851
6810204
24539970
11021953
4611817
25465145
50045823
7058387
566103
1127174
21196379
21575238
10435801
21624930
21670834
65584529
13929556
20449646
57262041
18701224
64131603
50907345
21019880
74893624
866375
55281657
22356769
7145441
30599978
25744580
2920226
7190473
31506205
21462828
31522697
21575406
20975316
20977114
36684041
60282385
21380801
20928096
21369548
35489196
2970239
49242705
9161322
6369211
19442628
60299882
36637934
36511674
32347107
22887234
39012699
12608999
21607020
8793308
3373736
1486014
29337629
8671296
21960791
11020936
36798241
2741740
7145647
21790999
20977240
11375905
26613366
15421001
6926377
21383693
17729739
7517837
19108852
15676130
20948455
19451815
12218930
10577134
60299787
21581144
27401976
7219390
34687299
26079936
5904242
13314508
1290115
56675381
21282732
31445670
31403268
21223012
30342358
28931222
51435285
44545419
7615516
5298546
63041396
44783094
21092206
2823906
20949106
12445991
20967101
65533989
15702779
14050416
9240326
20032396
68456293
11980859
9464508
21793004
19356020
3631581
21730747
31549557
55012679
8712400
18564542
57755985
1959946
32594102
1867215
36365600
60293692
7815735
1111368
31427469
35799421
54280087
62077650
15608501
7005408
17075553
44281428
9389491
21394432
21271556
42213064
21010357
1681476
21424861
9801185
6895275
20599120
51777290
33852979
20883930
28981234
21281462
9311273
9156973
65614414
7270615
66099888
4437347
20980221
5635900
31506220
9137262
11081694
12838395
68513661
2920949
40924114
35509255
70111957
4151087
25105784
18480880
35601801
20945501
75344645
49242197
21509733
21210102
24848952
35735776
18391902
17181448
30169205
35627580
31479029
12328819
53164951
57262213
33061759
21625839
5599425
32248510
2583610
68721800
15564730
21580150
20867856
3317955
40157405
65630814
12173117
6521107
7406694
16023605
19257949
4231529
35599218
21379600
7870771
7914903
20962292
12529936
1243544
31522709
6797041
6214666
3449254
6440334
30169207
7485496
16722272
21483137
5223135
22826951
6161289
58556922
20964846
14466734
21184020
12293196
47394382
6181696
31219169
6607768
47665466
11288672
30695527
11627969
12546418
6228597
20577527
65536074
21626505
73723200
29080851
21588036
22101286
5254725
7348523
12360092
7551037
5404881
38576106
15587527
7082642
25558602
7535961
74664047
25038789
37104937
32445431
20964970
21464023
65362137
5201709
14515327
21422818
19395762
36459471
2642675
21021242
50580969
7617492
63474292
6635937
68513244
22933760
3137537
21370188
6895359
21223436
17915762
66814615
47594325
37987159
12653775
23413023
1145346
5787693
5198544
55050022
29165426
41163756
12249560
5728499
1096982
53012106
7535750
20927717
66129175
29074868
7253959
31418578
21118581
7615907
68474788
35626681
1691208
12316089
5312714
21492299
7599628
63020738
3640696
13615892
48803817
40361298
54451991
55863666
20960994
2125992
21791915
6694662
43816684
2445669
13260094
61887400
729282
2301707
46666172
14263192
31403266
12102814
9410560
36425527
58697675
5377638
54895750
15753151
15702217
21791707
20373071
7820001
20925521
21057543
56043867
3318310
46299305
34782921
47395684
23649080
6431474
19247076
28063901
5498445
6450382
21370288
5364238
39329189
21425270
35662116
6632688
1449489
31331282
1271131
34393501
4914847
20847827
27626672
4585048
21199323
64042288
47862498
32537629
21396374
28020704
43622021
8114895
43549539
5036344
25526560
39557816
55343958
20595907
20049925
16617487
73622564
68714825
15335008
65946737
29537817
54866981
38419453
21670967
21779130
20905126
35713471
21792170
31716201
21281189
6385546
20965462
10869468
5813620
9430252
5965014
31489174
8807750
12548859
11342024
21576566
47587871
5947154
62552185
40251489
11653747
12268357
31250955
41426248
21578337
20013468
26453347
21607184
20339198
21746604
54622861
26106246
43417461
18056275
1048928
24990286
20963576
7411066
40399396
21878439
3138445
3866009
15252510
5432739
26449773
34475481
20963728
13319618
47114058
31006003
51853288
8086744
21081178
10870708
16294062
20617471
21223513
29113507
21576854
21523561
37131000
56091544
33237755
6156792
5168769
1996160
20979011
59350249
12226416
4585315
7445618
56246539
21409055
36616704
55690444
12327799
2577502
3656422
28903464
33631769
49513423
14307202
27649904
36632705
21423961
36729085
2114453
5715894
38469168
46590003
21692002
20112549
41697627
12608494
31489177
44156171
2577305
58361680
27640410
44489408
31532131
20925111
5452703
38441044
3139272
19684014
41300608
8146991
21162339
1955931
36439302
19086867
21311633
9608686
58558393
848409
2640918
40685637
31522701
41209266
26977400
21091558
63729067
20964089
20924753
1353731
10533315
49059524
21281528
62979128
20925175
40146206
37990902
59775145
47588350
36894492
32994287
21094778
2440070
21523048
3081337
9997377
20978551
735262
3397552
32602467
22672221
58903790
21680050
21622498
26839952
21194392
12770705
6368997
21092538
29161727
17419993
21576060
49680023
72848655
66185223
41384387
39513126
1996348
19030311
31489173
16876834
65540976
21607206
5340861
8251650
3141109
19079000
5167729
52097861
36910590
2114281
49766041
69616946
12362272
20943972
31549560
44554851
21537001
32445555
13036307
31549582
50690356
5914488
21022979
26641696
5426025
8240712
21268064
37990177
37006093
52066936
69408598
67358889
21408353
58492279
13051378
8050064
13422868
12830349
49378700
62235661
34917974
5298849
54333646
9446039
14419998
17188291
6890552
35332828
21413718
40546254
55403860
43659046
21578177
59435600
30822568
1380407
24582874
20883767
36937056
12262838
15702604
15341699
51766095
11652999
21222249
13861765
11913638
20961046
30246532
3210316
52004386
6337852
12263680
37258947
36561068
36796848
14515810
20208644
549492
28447757
52168429
21730991
55407754
69553653
29410209
29409944
5158962
7190104
9056476
52131485
7903019
21409657
32658761
7915374
14408889
23105812
9646419
12840734
21018709
20035955
20001630
751288
51323458
12971750
50262965
34755611
31109811
21005748
21005404
19315632
18662230
21108878
30306622
21510334
15479628
66484966
30493822
9300225
67008553
1180375
6211441
9996984
1462547
13671121
21382036
21731980
50384445
9941011
35671683
18727409
20977492
9155671
6257402
52003986
28745929
9975102
38405256
31785610
19910800
12695719
7486578
6302224
36856065
20990408
21625597
21577865
19315963
11611996
18756733
8789584
21576622
20925984
7564277
43922879
5570243
38287830
2021922
729268
21730832
36773605
21622627
756400
1123337
15481524
21093700
1111035
9428782
21267957
8707387
35151972
3351347
2568262
10268856
30169211
40712940
1421187
33495728
557033
23094696
11610274
21465370
10678750
47884725
15656426
46707042
21412385
16775367
26514221
21267820
7193790
3649104
6453173
20963028
20965606
20372755
13383154
44612756
65533847
5404433
20925667
7398136
28618989
32161057
21396015
29464248
12358711
11631763
961517
7298805
21020890
15587456
14513480
7532048
65536095
40032320
29464551
15982622
53201296
3957164
18423090
2737083
21575295
21396465
7247958
20963843
9429284
2440969
29466100
21578049
11397647
8008972
21195811
21195724
17423679
29476268
21587976
49158788
65727775
53048255
3411887
30782100
12646236
33039740
20098529
21064133
44211250
47665186
21211235
1742669
1089531
2779994
1688230
3945202
24127161
59399867
32980305
14455641
29478082
30335357
20975400
20601515
4051068
4034867
21018833
35634398
49178568
7889706
12071164
32853639
21384939
20961405
29487566
21731328
12183157
21578222
3317915
34266663
36798227
58031094
20048540
34220482
30342362
37504004
12561663
50446048
27489165
22489325
34678024
14052069
39100412
69550007
12482539
47622707
34747850
35670630
65365006
20978708
70262860
14409691
21284459
43007930
18694473
15644644
46553348
31418574
5692022
20924811
30104091
27076680
21098378
21057607
28157962
21707159
40965100
21108118
9425166
21267837
51268073
17554690
35623108
21792399
63455522
65960439
51729261
64396420
37279961
55989535
7379974
68038420
9997198
21717328
19684093
31418573
6810641
16415491
32777210
17139989
14729196
29586619
13503526
17422794
6764899
13565806
21104879
36850470
2439997
1440535
5032290
53670095
13803919
6303414
7095692
21746058
57126569
7210438
21284529
32679793
19109160
19657891
56241325
4844479
938712
60299488
21091346
21378623
38051712
8517639
21196009
6720224
2970773
57647240
70793627
17830317
43262584
21222510
6508685
48529166
14409439
47325106
5037286
670911
3318927
7472314
2440104
49022063
56243219
71869981
24339717
1667702
67647619
17082143
44936905
23536263
61850068
2677815
33054863
73957007
6368645
2413431
8662090
2255117
25393398
17609308
5903626
7235417
21986231
1476720
63416041
11092937
45261876
8083963
4070047
37836045
9945016
11714570
23123867
23308523
5963485
68548438
14655788
19908134
25616307
50076385
32293807
8717919
31391886
2426390
58900638
6943830
6045079
51754441
58227480
55333968
49583924
55315764
41893901
13110974
3028208
21365108
1151537
6167238
6450272
62030782
47539494
30186035
19577963
21594808
31506217
7159223
2640722
57058794
21523144
12397981
50012065
69553255
21422989
18714752
17183989
13031169
51820780
52126770
6464936
62581171
20924878
1211370
2840639
51782347
1834853
21422085
21427938
19356065
53690719
14480656
7086163
43666855
38214421
3411949
11887408
21196510
40214276
21576018
7891276
5223252
4639455
7705333
67991022
58209342
53793259
6181799
7934819
38644513
16422977
20097073
6520558
15782547
1468149
51276945
7788892
20963936
678341
12263201
1467149
37990242
12511128
12491929
65767769
59176014
3309896
201838
10224249
61441969
27763568
27905995
46903611
32473067
16777212
1352042
66004477
29902347
3081425
20561767
34694269
1218922
7005372
2130238
20840639
5668168
3720162
13984209
20346221
21422743
21579089
27563796
1938881
21424441
35812221
22739449
7982931
20594903
56015508
10141146
42862407
21073858
40868484
2443549
26275039
18516028
63455551
11930237
1399741
36906955
37369444
45387158
21582756
34444696
21879817
1736047
11632602
7310047
26093265
21408470
5903929
23399107
1238321
8072413
11309740
4857455
46471204
64179160
5946162
28993687
12226782
24090110
5503950
65370254
12659780
20948536
29518418
21595039
57403478
12481644
32445132
30169206
20595187
70184930
53699439
34210451
5649512
5365152
23969795
17837763
12924980
1468146
347547
32148006
20929152
32445477
21582201
17324177
13339508
54768055
21282966
5635930
11093363
1567930
7269710
5542992
49197662
34379043
62225067
25224965
52014967
11462581
21693324
21408251
6544655
4337764
28946291
8775211
17177634
30483842
67612032
7301920
8032470
25279042
33126214
35735515
25437414
7133061
43278878
42100391
59701184
56387636
14502242
7286418
3317824
272987
16306074
37821010
21225021
16788163
21421803
10480065
21478294
71811989
20967250
62862580
20979884
11785740
679382
68515173
50552522
58522227
7207641
61979497
11653641
7808177
21398140
58970646
48350553
21280605
21081557
346979
27499788
4164222
49347868
21264827
21021733
43414384
63262064
21681092
12187341
895763
10634409
5893088
74665114
20925754
30352495
37784214
15638943
5120826
47651670
47794862
21793109
39469534
12696350
20372643
7030023
35530828
21208357
10926614
21687328
35625377
20965010
5283636
34525652
9430058
34327337
3319007
21510817
15469672
35491535
37140466
8839169
61908507
34478141
7058829
53463407
40669088
21076589
24438556
44703670
14486256
1789890
7600438
21268484
6097597
1115680
17240067
23391497
5559123
1510393
31436902
28727867
2919024
20148207
13804341
33838935
21221784
1447239
34600049
65434387
57076787
31549567
63674406
5932965
8313281
34759312
7317249
13118700
6140611
43009575
12138449
40093312
38362407
20112687
8112259
21680968
31724882
65536340
42122128
8191375
59884893
14419607
12727469
20980464
20967361
21577427
525141
11610937
39828732
36070536
783326
1911094
16829743
201840
30130913
42211107
20929407
7617150
51629787
50300045
18643731
20978815
31506209
66051792
3798403
21577003
34867574
5377418
55250277
5298672
31427497
54866077
20945844
3318624
24743759
5756944
33655991
11982018
31900193
6257318
20679722
27399287
21746773
51860032
21413273
7745440
66614952
5836737
43638558
11376041
11629896
11451447
21060662
21672579
7005545
3428316
8613904
50292977
20926902
14686368
35657270
21006264
17233795
37586696
17664678
1829321
344393
59229578
20346393
28212850
5708413
1500332
54307001
12233777
8938268
2645479
60857127
21413109
66099907
20525067
7283509
19189008
63771053
21702176
13140597
31549562
69556054
21031235
30169213
2255217
41871091
14673036
21579298
36850421
5779537
38540362
21081775
17323256
7807849
16027570
35550186
8789299
13451365
7431824
2669978
60709173
1134046
13532642
35651283
76033677
18893415
21057718
21623264
32294465
11877480
19755967
742397
1447099
21394524
17353513
1125115
21427215
41498464
44281098
20996244
58980833
11575490
16369964
21582259
65540459
19328456
18606147
54069024
23336303
32612859
21575939
66275750
7368655
21465746
20961112
32655765
74505459
7406748
29567506
30505050
35012456
16766824
13825831
37954616
21607245
5565808
64396356
37768977
21579040
11513641
16187335
12100897
9901696
31479037
21009979
12756261
7302293
18056445
12263376
34704821
22823825
60284315
17075307
11734886
21004786
5636441
9056055
5043915
19998522
66330043
5210351
19961938
65540352
63749497
10660509
21304620
11472953
65480972
15609289
3675427
59145423
53482144
11189233
7097205
11754436
21381539
18322488
18367972
11426624
60281861
6467357
33039848
16623406
19039694
4734280
21091295
2388626
21378658
64275569
1114055
37647959
31583279
15702125
66438434
4309155
11187451
2461715
11362839
2969434
68514087
31445672
2315570
6555369
21022460
21577789
21398392
21572828
20878798
38028421
54970447
21198003
28634356
52316584
7710808
3660396
16023669
34496714
63481429
63259870
19649394
21622817
1965280
7394905
21746133
15595553
31418576
43910487
67303091
18322815
6257419
20055162
56044074
20927458
10263809
40278251
59352077
21521739
7065076
2458779
10476541
7388536
45224144
58015846
1418680
2274479
21365971
4997489
59523746
38223624
2813177
2169603
51551445
44829958
41080964
37990193
6741057
21509934
3361136
33188797
1655123
20595147
12295977
4585461
18904460
18046639
19682500
22095736
22341732
21092679
15702530
20594603
8488524
7692348
21193577
10822059
6155831
21765945
17077749
3211967
11962417
15162884
21397169
51391334
2610441
2143454
3351558
70523033
43461717
13070455
5311532
56011688
28939090
3258100
5364703
3785650
1662998
21537987
65557176
615829
31401666
25186183
18345715
14485086
42437621
19329392
4204722
20429701
6257368
39050706
2512522
7920411
24993522
21581300
24196494
7463076
13430081
5946813
55529354
42218548
42394078
11555915
20926120
17474783
13310018
837911
7532252
21462898
21077762
40454788
20926977
37234300
31580882
55094665
18825050
29152611
52544332
11632369
20879351
4677805
20961454
61303594
2528613
31445667
64396196
29739394
5903401
2547961
19229774
52014617
65562199
6156210
21249839
2273668
21074848
20965267
1059941
21587770
8789418
13362678
61385027
42862224
7531934
22342677
4376046
4424891
29422959
3497944
16708039
20599214
18451694
21480348
12480589
48255288
51303795
21078401
10771731
52458687
4351634
44233909
12836679
23926781
26501453
16959787
61391375
21424165
2449032
47349985
40710673
17657388
3709081
29154777
3318341
539123
2461077
779033
11432346
2250826
2920990
37178159
21196274
7350784
1449544
37853504
48501213
5666277
53484862
12158745
5767792
21523661
7350263
21427665
40749861
41243167
21379093
36215859
27630976
70336382
21412914
21124451
1083556
53289065
5693710
15208418
32508954
53463429
31644987
12274975
19512664
31506214
2921123
1896500
7174316
44071584
52132341
59540369
3142509
11364822
40407512
20600701
9297823
4086395
68423115
48374757
19438852
3934494
22864490
7904889
20925229
27334611
6096001
9423575
20927873
21369286
12645800
24473569
20032495
21672546
7379816
20579796
19228304
57322844
12973304
14471245
9485713
61883519
69586248
21020020
22290370
33035500
1957705
65782780
64404703
3587224
67089741
7338166
5647473
13614618
3524079
1468975
51332339
49354054
973576
31427479
42403109
69206662
21058828
5298906
12845577
12087800
272859
57189683
13018549
8567191
54036079
64569158
37164309
33268836
466093
3330554
56871579
21124864
52796852
31436903
5504760
31403264
27683670
748250
21523240
68368148
9560482
20541259
11296483
36749635
67026468
50494364
17839826
21379185
34755445
57001743
5903546
12995996
58023126
5945948
75596013
6336304
1850340
15418222
10263264
11914827
34758489
27889415
54959250
7350082
731105
47922328
7807353
3518870
20449363
5998457
11813450
21094058
54772714
20617737
19822693
15133298
13757728
13074751
6883508
11080450
6243329
6811653
5405104
21004861
13018176
21092863
23976607
3317878
63977483
21060438
4699089
5184798
66175995
51841566
21522850
6793294
65540929
9296649
60617597
12615813
74211817
1397496
41958723
40162724
4309271
29275186
38494238
4687693
8088000
49582983
55941702
10460125
14429749
8148722
51696038
45447203
5134483
887950
18127253
31549575
24998899
16075541
62552075
6565490
59115781
67672007
475445
23850419
20597806
25512919
5529244
8902327
6810425
21606855
18676025
11815705
21463669
35894504
56203234
5208200
42308683
36003774
57003514
21510696
31094108
48424573
73691388
1668066
51404787
36613495
11152627
61330666
61485607
2660949
4920875
1803960
54092872
21540262
54684842
8359533
37716762
21282578
34082289
34617391
31522711
20877061
29420245
5903449
5687141
21399202
14471532
3354265
21791478
4797638
69862614
4899091
7562056
38232391
20594280
10927373
21790550
21007765
13758926
13608940
31098315
25931287
51930274
17262029
6798764
65555405
47311152
8182267
61489470
46382350
43638437
20904246
62401972
2115686
1666271
20962377
2300056
13990780
33447294
12721528
61383819
29043032
21606825
38582210
21582338
8736546
61384898
28626463
15782710
6257425
67969563
43041945
14471053
67647875
50576553
2677648
8424753
25676958
58877977
6816773
8933529
6522369
6071433
11628862
21222857
31506215
16416930
37026145
13879276
21776230
37026373
9997369
32593681
20771714
19813139
6450653
7484872
32867159
32082070
71268158
21023386
5819041
21476059
1862583
54962410
233034
35629900
29739566
36022668
1996468
31427468
6650750
5504057
37399450
8908811
49638185
11290337
19725554
32994307
23069974
2529113
52106052
21409233
15701657
67053767
7028478
4600617
58069299
21221896
36684011
17140785
6257434
63032885
64061840
4216491
25556278
8237929
21594931
35683273
31506212
1462717
55793252
48860205
2384097
12263403
21462185
783312
65556330
48765101
15702670
29903394
3528223
22130002
12168407
21184134
63076439
2574023
63808224
23911217
3638615
1001789
21005215
12543174
62898256
21005014
2807755
29056380
51263776
65556525
6932868
11555463
37185236
47375961
29739840
7363526
18719925
29750201
8447205
6531750
51417661
172313
6531605
34629037
21594465
7884718
10160995
29513438
21080323
21579646
14108505
75596135
43597273
34755537
62979170
19115710
21192535
19048717
66085948
21060903
17192059
51576051
18654333
16823938
48880022
15545097
2809797
7555417
17337560
5543202
30184616
63325562
55345323
64180169
54620405
25055940
25471825
68390878
29214546
42234099
7807604
40361521
39169518
2321482
21424592
7149707
62859450
44359945
19650080
39407838
11792057
16374535
21580778
7200421
1687116
43565563
55894929
23203600
28651303
40544605
53535330
18904674
20364545
65370733
34927973
20927041
20878560
21223666
29156228
54774025
8735827
5364923
63227050
1984328
7698877
10104428
3139381
20448685
66269802
1085623
20323956
7175126
8447106
9449341
21792679
52061896
21222086
20598587
9421172
18583415
28064283
1906415
20975767
60291393
7064715
20818110
198508
12236178
1380740
63975981
8467684
44554716
8718914
62526113
11632509
7252845
19301979
18376343
64329343
21576660
18323661
6824705
5206094
35045604
19683674
18607164
21208700
4287285
15756552
6872107
31019115
7614972
14831238
20166229
7298970
12537496
18418249
8099011
21465641
17618122
2528736
2809577
46963583
7721749
1959791
371475
18690089
6257251
65240716
7678879
48768290
59751426
56092121
15053425
21223120
11718710
69318765
21272516
5497540
29796782
5964822
5985424
69103698
63750148
43518113
5665868
7431958
1958083
1007426
2944413
56099420
29383983
50541387
13798836
44088461
3077477
63145625
61354645
28877950
7491987
37784602
7965365
8736478
6002050
19828714
16640858
28479126
4288215
743396
7355066
9624801
1109407
2548179
47535058
8736051
20985611
3960228
11254743
4570325
52900759
20977626
18805975
73894672
47180101
41500681
63700072
69601559
1748581
21408714
66527712
19345171
21523379
69556085
44167243
21384614
15108245
3898652
511809
12469277
15412204
58840395
8447141
12254563
1388887
5745193
46902320
7472247
69246967
1447234
2677346
8670844
9640053
17676866
12120136
32421545
37834351
45486652
72234442
1322662
37391408
12846001
16615078
53601976
65342991
5410084
47493226
500694
14329290
74659973
60283841
64675491
6760281
35677321
7543639
30049207
53690532
15702552
38432191
25099889
30630573
23873350
36796200
35492599
22613616
61384081
54003367
5333459
68871432
31522715
21075301
61985423
30103523
21394248
20925813
54319928
20050036
30670049
5077747
2159342
55993009
55894682
5636062
16185666
10853675
20448608
49177735
748043
2606151
47127919
11524211
1060911
2765350
51276611
17647263
51697667
37521737
11633171
6323098
21580332
40205949
11093901
2702133
69963676
42664112
41629757
14052818
63738754
17521122
21060761
35672702
10657405
41757333
38885115
48712647
8902150
6369428
31549572
6097228
26975113
5998728
2636169
19463433
5150247
48257988
55648300
31479028
12409076
5363427
6389661
66278680
615838
43833069
4432540
2278161
61892169
28717576
20163774
47675178
19071598
38515104
32786321
43708149
37471130
1410482
1162683
16414777
49632257
12676417
31445674
20598016
7348658
20925407
7379600
55012390
5071886
21477055
9889215
35735368
65481009
45681562
10180719
40658057
73700182
17938078
67734584
5571117
75138790
32250328
8147710
51384351
5808619
9836751
8677191
6868720
21746532
3073068
47535359
21700858
20212510
17836782
11864752
8571874
21266090
616624
58586697
3673003
9087656
32537588
60374375
44821890
13826632
28515223
61805347
2323742
41697743
14369175
68729263
12352108
18169707
22946205
16417011
50906264
20926557
28183736
14208228
19451544
774539
67734516
5347658
21766374
18135084
34226557
5679535
744807
31436901
69864991
14180121
27379637
2927705
2726666
17998036
615827
14481700
2969147
58362276
63481517
8006853
35527440
5025525
44790369
5709102
21393846
65363278
20976882
43631764
34614252
49512230
41641747
31489191
67274708
9208626
2625652
59893854
66307150
48712258
28797732
18703488
31427494
8192520
6156272
7901970
3149013
13153878
12418881
21680627
25928766
18306172
13970489
13826308
8340428
7096962
9324843
13161864
1149234
39117094
3134093
35634854
11612242
20219891
21425138
45411137
30313523
37257092
37982918
16522161
9687594
17615565
63957628
6389665
28935365
60290345
58361601
31522707
21576479
31418577
7726679
1955932
21463211
2791513
7438589
33976763
3594833
3707869
5059042
7767833
51841810
1518363
34878128
23317317
50563454
7790384
53793021
6076602
1477888
12480609
17947459
17367379
16705496
21587924
52332088
7615153
21058381
55375931
17405556
35696091
21577977
10343125
35684600
21671123
1468209
26998445
34815218
5522226
3148924
20995987
25828814
6817649
5572922
64565063
21576738
6929777
34527386
6043587
50005760
6848606
21079140
18270976
12253254
59473825
28673033
25992670
2548088
50589076
63455637
39684499
30130787
20614295
21021094
6989277
54096947
72931727
15892860
49209934
5247956
55227119
19683936
12808180
49348091
16375026
40172321
75312724
35293241
62965797
64175966
72240213
16569455
7932622
11633064
38959896
21195804
5377720
18503023
10144347
17018948
34609235
52459692
7667053
15395013
6080140
3926661
21107797
68425624
42475431
12296270
5433445
6143937
6792702
36192884
12393188
205152
7236901
16370011
16078783
3211950
16317499
24125359
5748748
33795575
21265168
69795854
40095870
36401253
17608388
198376
11813208
12551239
51283058
4828132
2106276
8914181
34609163
73299988
50580777
29385839
21315381
64396117
47392265
21379363
21477508
4337534
10769852
20980046
4342360
17083030
21365618
20372908
15702595
6369058
21109508
21322275
2240625
6040719
347480
53010738
8003479
16744391
29043306
3291129
20880002
20813992
21622897
33702008
5659106
61604511
21671177
21057790
19972435
48641715
48438964
33258553
7334451
12257161
1794980
35003057
753750
4776228
21018234
21672448
2890646
20981181
21211176
29806027
35529638
30342361
12264534
65536418
21183567
27101639
14480733
11540860
21096883
2172487
7622996
21581006
6895901
14127047
7095460
20964461
4309207
15222718
15639387
5708865
5570587
40693164
55596488
15593866
19375989
21183889
21576118
8144229
27172260
21792893
21021613
65667307
1226141
33191268
72966484
6368740
2113720
51082494
21194159
21380642
5104668
21265578
56433132
773306
62861387
58900027
59109470
3002912
61558713
54776993
55532488
21285494
21285645
2136965
31522717
30169215
68322049
52003940
20903978
10926652
2419849
46794789
36849928
7472410
16023187
21369413
29057773
21325310
48847538
30703185
37338998
21577688
5658519
33258780
21576268
56014472
20372992
1029185
17594724
17915439
21369031
15289580
6156254
47394451
21681262
21464205
21022042
10518645
7560958
756433
9392651
51431172
13077615
34135126
38459028
27587699
21623187
30665600
3224762
14344337
5680957
43399497
21780481
36919210
11983915
1388652
32134804
39106671
55856437
38154834
20945940
14435954
30265469
15053182
5551567
7223980
29421182
5155594
27071316
8282641
36575542
6545387
63475774
3753620
20961499
65346441
35630598
8799193
21384233
21379754
1959650
66099928
9425271
11593689
23399171
35991820
11632956
1331999
6755700
15702416
12249283
9997216
65556148
70552457
21282902
65652221
35701328
3112042
31979089
1449452
21367706
11783679
21196998
34518845
19818064
18298213
18744637
74211317
2433794
20610262
10123489
8833978
21521863
20448908
54776678
615848
7966049
29949563
64263883
21413379
20905732
32445177
31109813
6521172
7284430
65426039
21578950
13154522
53649960
39748367
17209200
3211265
41742355
20926647
35369700
2787944
8145970
31331280
53025290
32781434
31489181
21607048
29972262
14731515
31522704
20001220
8734676
2688331
13047578
824773
20445877
42563697
20595595
2944563
33528682
40419569
5636452
20592344
32050786
34678069
39339956
29973536
28869137
72985782
1108810
5672557
42408509
44012553
43263102
32758930
14716002
23005795
16371408
64036997
46974019
9053915
971550
32893164
44029096
68649951
9901664
8246168
54824287
1429576
7405741
21707242
21381651
33723473
26599852
42540213
31162842
71447777
20996475
35918984
7819662
67500750
1162393
2528674
7472742
1273199
43597686
13340252
8191770
21960199
40431515
12936407
3619200
51551828
20447129
50188592
54121166
5315566
52098164
64568406
34309658
40018520
21058504
22293786
11608730
38049502
12081478
29982583
7395167
57622122
3070038
30044579
12607751
31479030
68470733
58231821
20979305
6192305
18317252
21010525
8093221
3149424
31427487
21577526
24629808
15416514
35757676
35512981
35388763
3142191
37994246
12408684
13952960
37419270
39039447
38197177
20924940
20877693
21378710
72812411
20961544
17196775
31479033
20295298
31506211
43310613
20568684
21409752
21370383
69555438
10105366
51827175
18020717
60283330
15417861
5658601
50277752
7338269
20925027
6257326
15929885
60295325
59847264
60246155
64722868
30051657
20928400
21510516
29235621
18720593
32445334
54357822
57979729
4237037
17786512
21701877
21007599
18687520
21582655
20962596
21575185
51512786
20884332
69465902
12278050
35639799
19619476
21595087
29153227
30101814
20599611
21379869
21378984
43648890
24482873
30073940
68581733
21791509
4712356
21578445
21791806
30074101
20975883
5659152
21196148
20883488
21074157
21746994
4337528
21282446
16137883
16775687
20948769
21483233
21594747
1120394
35726367
8210690
65540513
30342360
16089328
4126807
50562172
21425037
43465530
5570397
21380719
11682706
39248425
20373134
11600814
31489188
21223918
20948582
2306432
21394316
21369081
12262691
6734595
51845139
12679224
9711806
65961603
8786713
21057890
21282673
21425196
19395658
7016643
20976002
55100934
28689330
47535007
5033857
28564928
7321473
34878060
30097
1253114
21222460
19399961
7124644
27925313
2523113
5039572
13970712
29043206
30074256
20962681
21701209
21671495
62965700
7483357
20976647
21790641
28182424
22915911
20048796
21792295
2630117
1851509
8614164
2113653
68514581
31427484
30079440
43497887
31198916
65927298
15702583
25472030
16229450
8839832
20964619
21680805
535887
16089537
25993555
29061744
49248825
21732066
21197193
18657925
21579197
17187617
38399796
61725622
20924645
21480034
19623260
42076925
3626089
70553361
65556229
22861373
60281658
14940082
60299631
26016570
47921993
6155641
12268212
21061042
21521096
56542590
69213477
61902206
51287745
8735894
55623803
51512979
3921056
57262099
23641510
10996395
6956702
5621363
5524842
23598923
13756452
45064266
18430785
37414516
1496512
8097435
18306838
16751082
21491339
21369764
21284125
5363309
21701814
7350676
21625260
50036516
65494175
1135995
15898340
19057179
2585103
3141238
67748566
68471999
7960149
21023743
8034430
40224449
6860307
18143235
21397626
19972649
1302425
12056511
52942185
61363282
20963122
20904475
2878426
63879136
1606122
12794035
1447107
53228274
21422229
5491552
42271984
3412011
24207964
20945631
17191791
65770926
36588032
34359639
6192702
13070782
2696118
2831288
50263193
3361055
46782211
5684717
2741197
4510691
13358265
15910497
3372125
1467128
46325062
19599507
35478899
30708139
31549558
11796502
17308579
11897847
62433209
28725630
58024098
2688678
5504680
60904845
43469442
20281321
24902157
28054200
60283982
48870486
17177695
63535834
1955917
14607530
12837599
11401783
29152920
2527088
1658720
12188675
7353643
29519521
2937781
34677985
1543567
43405230
2807630
46979001
8442785
3798450
15910716
12524023
60428040
51272560
1469201
5800179
52555538
64376905
48578661
2440175
21425343
20928771
17241750
20976216
21061170
21582163
8432850
20948640
28719918
21093872
3635702
35019675
54894512
45277216
65554901
65370375
30079792
20961339
13955500
33828410
50940609
5196160
1123762
29587018
35571476
59911528
61369469
20601420
2819251
48701456
20163113
20878214
39273379
15702287
45624282
21399644
3592122
5636458
20980993
30080312
40361353
51416854
19821231
11160449
21222292
3126816
11610592
12330368
15702573
6302663
5723306
21671376
15741627
21009520
37404503
27728615
21622732
43891675
21018484
21365294
39039422
5127113
43565411
4432526
28034246
62965694
35627801
44545479
18011497
32295149
25369935
29933113
5932201
16595189
15878221
8790174
5658960
7255707
27173980
63461667
18525460
14486232
62414855
12315253
35797450
8728969
63292966
5109475
13955100
28689318
21271734
18367947
21074270
38876766
15053103
30088571
5352826
3386301
2528861
20948045
11611842
21396126
45403618
7397917
20979472
34220518
6866728
37991155
5298810
65555094
46589466
34926547
6866673
25557572
1256271
1681297
17288872
35705909
4309385
18839414
7406896
20964280
21746395
30089233
11555119
12930372
21776171
15941509
610980
19527743
39395151
41403457
32409687
10201894
21075656
16596462
45246467
17958441
21577930
17475264
2307905
21019258
7525402
1305621
2640753
59806834
7406344
52401305
4746675
11991965
33735100
6166999
16145910
51886065
12610601
16879428
21480435
54622721
21412050
18622013
21094261
11732130
6896061
7137497
7333042
40169590
3656234
21223877
7483276
1384935
21097295
58345940
6257354
43622155
3669975
19962095
4888933
9429758
29272382
20032796
65370660
9842558
6044995
24300246
5963428
15447484
1666260
17264872
32148422
21466091
42727763
52373032
68483686
72852544
64323003
62587841
20903392
31716980
21378767
20751442
21542192
15702103
50562628
21209970
29041577
30125980
37305166
35530134
3317731
63312565
62103326
30126609
60290093
21197718
21623240
62587737
3073266
34877954
6530079
63805270
32445604
22457618
61322916
20978028
42438234
3273012
4909208
21269279
2296739
6117112
21209345
46428529
6523095
31320226
9608918
5231813
64376803
69319496
8736465
51860744
21476983
51404828
5138684
53472175
64234425
60190186
12677232
5222699
60796748
6331510
40207245
4597462
25430536
2528538
58201167
21427019
10104303
3485943
70799130
12234089
40215022
40749745
61320894
64442325
735169
37026259
23963901
21081335
2082856
21004959
17080082
15025908
21369173
69438353
6822485
20446643
32752453
8371604
40374467
75525996
3351634
19605117
53088109
7863214
13144236
7109832
28813258
21583013
6095898
45459096
5326006
46299772
2528932
16978569
65371586
18786765
20962805
17177087
15571062
21395396
25856616
7459356
9998002
24153539
63465438
31427475
21671609
23873333
16926344
34782885
39089834
69635633
3714308
2258724
5231803
6369308
20978193
31190636
6550515
20049269
21006382
56990119
3675924
3317774
21462394
19520289
6303296
24583104
1765584
30559184
15628967
31549563
60427728
21224317
37404717
3643216
1449521
2245119
13805804
65153845
12585292
22609493
8418291
14520097
51852699
26683451
1449473
11362333
73682483
12897282
73751060
31538763
21607136
22358184
30134832
6096452
33795420
65555707
47908529
47793394
57589933
32654404
20882523
38951240
21381885
13622617
821876
21395564
21478023
56802534
2808999
1116878
48492762
37338317
43638997
2243810
5924171
3073373
15213972
6921814
5904444
3044729
67307753
12900647
3418031
5822970
39600672
5680571
23488113
3924597
19221979
56887000
17376384
51513131
20445116
2528790
5246765
8484172
9109953
9271374
21368091
21462010
42430882
21422352
63944327
12960635
5685694
12421334
3073313
8769815
30169204
19356039
24713299
36749727
32445514
50897861
14699918
7781742
6008849
71303915
6394253
21597535
23833451
21409465
49120884
12677433
5286925
36130580
34928800
28901793
6388464
52547668
55268814
30135121
21061986
21061706
36425552
22468002
775222
13053326
20904838
29152592
17915504
354084
7397478
65536200
1053330
66959915
6143259
11359573
2741517
13367463
6257408
12266793
11358658
10924987
11555084
61340956
1955941
6825669
11928639
18461293
19818340
35697201
21413479
22946484
12778732
29206142
35016714
15654642
21582879
8807865
4309081
12683043
21117270
8100430
21746677
14799487
7205778
20618080
65572847
68368051
11715360
8612369
63748830
28093142
43232301
18306152
39160527
5505782
46518506
30169210
19441272
7533564
16978417
4811967
70034698
40454708
69699387
5717937
35523080
19484762
1968487
18659435
6257325
21466173
9718198
1704420
6008413
35551372
39082544
37596954
20928219
20926749
21329621
9997381
32863976
20977772
3920700
21719387
17183934
42985004
63997386
21465884
21465982
21020324
17857444
71887738
17254931
35696961
14455750
38241675
9997148
7006453
21222644
21076119
68704882
21701978
45296029
64506386
14466387
30154294
25556293
21587856
40974057
8969604
2147227
72051835
63562573
12359941
7408893
20928955
68514327
40129795
21221821
15146865
33245612
20925623
9424593
968330
20962908
8789221
17148692
21268315
58200330
15414313
7804573
2232060
30874196
31549576
32977664
12161246
33800923
31506208
58877910
21397393
2958287
30186031
28196909
9998109
30154864
33962723
34637622
7380155
23590838
64791742
32941975
15702318
47846126
26162900
18006914
1386277
15486637
4034990
38405284
63266327
57190771
69862668
20925075
20961613
31549579
67672199
11451540
62008076
15594674
63996605
22862660
31427485
5372069
13077592
18073956
9855883
12808936
21398965
21462950
21577139
30159521
21579784
21395734
20962479
21579851
52660403
20904158
8736164
21059133
6838176
6221103
6450156
21327266
60253414
17689316
8084912
21462648
63757675
52960927
44219218
23943675
76102419
35309266
2577385
20601302
30638603
62998187
7352618
18757370
6257336
2398399
30468147
2458978
34958302
7286534
3412036
21746281
5480930
65487470
884391
51841853
46273038
20600330
9997146
34820150
32580101
35646193
13931420
926151
20976376
1933345
28626100
7485861
27283913
19560649
1658421
383528
383529
37160417
20445218
25793608
1691763
5965231
5364090
12040155
21078134
10651941
17693241
23417492
9076569
58954688
59340365
701861
12725611
35664927
22946380
37575830
18607181
20878448
18528636
35665002
9030582
5221024
2363421
7982323
30595212
11471519
4182572
20905284
5364340
54770731
31479034
21195204
47665400
61378536
21092929
12956980
20978929
47955190
65540545
1768182
31549556
71752321
13787948
17564021
5903776
2186521
4629559
6189785
8295662
9391217
21702024
21719591
21057962
51303858
54095933
72931908
21396188
21672622
2735971
34921092
34276335
15065913
21680231
51562616
52514131
34705021
51935591
45643649
57643861
7283310
21062203
21024316
45300434
1658359
2431610
3373497
14893012
1462512
14471827
57872682
35229045
2852092
21265948
21082845
31077403
12169623
20980628
21368270
35713358
5231755
41623054
30161007
21582121
7283777
7091398
19451911
30657630
21521266
21161516
21380180
61322825
16438353
1175673
12135384
30724659
2043796
36934190
36861296
31251845
9901734
25158901
38695318
18332952
5160306
37669123
20144528
31445669
40492868
33032339
1978838
6897496
12133177
67745807
