26624072
12591241
1256301
7598203
7390480
5585769
5649839
11133939
14626560
990753
16480998
6044154
4353185
2237150
5649732
3208972
23455318
7787643
4040207
1693070
1135276
8942947
11394459
1135285
2776808
4612509
11708757
990780
3658991
1958796
1075697
8942950
7744075
4353097
979521
492068
1829614
1135310
222981
1640865
5649700
1640855
9222048
704478
5477293
1973841
357488
17125621
11749275
3558390
4319218
1004187
11933580
11947158
11697126
5649971
1640895
5127325
990726
2802390
1256445
1256446
5697687
6618038
1256452
5649883
1958800
4962683
