40135753
9648012
38088179
74209329
33178821
14449823
67112679
3196992
2897275
71539980
19716558
24274552
64465721
47829322
6987878
3147441
39981802
8324248
17443675
50636503
21317809
5682061
29069651
7770546
24786182
73078483
18797129
35287124
36253102
8939289
6944071
8714172
25198774
44906268
2794592
6851622
40810898
2604793
61827319
2794439
22506136
28132974
8278310
11632822
4771427
14466274
11656682
28714135
20819217
50425741
6476097
3159724
47722445
5447066
53079821
43676386
9390144
51510235
41503572
55941258
5867625
66860495
58961720
68491538
24947083
59022515
28442748
19507869
43000566
17141083
18797365
3406259
71017165
3081890
11612825
24337508
24126280
6722788
33380204
69659177
2533321
26613876
14277929
18230752
66296887
10685347
24310061
42980969
49238445
63652856
1082339
24936916
12308406
29989649
16606091
5194646
39590461
43766457
24876551
69319248
51540640
74053067
17367064
59697027
67823364
24053598
43045490
32927350
64400800
72795564
59694592
63648055
57351464
24890422
24030511
16800309
4149916
40521454
1504855
35653026
41726284
72118865
75994807
8147981
23467131
6707957
67574108
40966935
30498836
23421704
65778274
23591195
22836788
10997985
47614254
67409185
38706567
23436940
19342306
5760443
16035055
6689500
56636703
21160092
42482472
1208731
45550762
51377263
3659480
52437527
48739757
4845890
6501687
7475747
8471319
71533673
31418037
16566175
66326922
58842057
33763127
71750505
45699518
68478958
26607825
73851426
5000750
51370848
26387014
5680030
1302075
2312338
5472058
24316955
17719361
36270657
25567566
13202134
9996216
40771618
12423462
26274975
4181176
7094526
12361090
42791356
1009205
71622050
36198992
24317055
10919134
71531259
3370177
27096802
27401176
36664400
72701623
11592004
8151213
50027497
61463083
69116488
31835265
19460691
1166302
40973071
8459323
6579725
10210372
63924530
32994494
28357149
67007606
31694058
30639507
68194155
9931069
3508785
11393202
13260354
21896772
8521826
43791949
37680748
48846047
5302234
7392287
17362530
2772423
28395195
6715796
40215173
5586995
23956995
24019813
36084619
25234513
74124966
12307869
5586941
6689552
3110701
49602167
15404545
2677541
30578785
6719902
1467134
39862514
3130985
2146688
740855
16728357
44592032
6303728
767572
61653702
3585620
26588191
16131547
9414065
1053227
47297522
7959743
23192478
8460151
39413376
52685468
2154782
11490394
12519031
25654614
5973893
29988171
24973551
9363456
32837008
27836045
36189362
14652991
41274826
72690124
5840290
2628989
65069624
2473308
43255732
12296588
61852154
52017064
12310384
43525268
11321623
25567395
67564578
3225848
54954378
21621759
4644073
17878217
11152717
28014657
44500963
25048453
36934550
30959186
12344851
1187790
17734098
65736219
45468329
46845398
23438313
5610814
5842183
22285685
16862164
1189612
26579790
5571354
6718701
9996824
49791274
28368030
25568911
39938270
17531956
2500538
33201818
72191595
30500165
3320456
4662504
13162790
51638004
76337962
38824020
59834196
71529540
68821675
31024948
61656668
75917068
67648202
15185906
26614009
26567538
76216876
49763167
39446862
32037634
26604263
26588706
65464796
19501512
2863515
58683680
6574933
15620477
2650035
17391206
12304726
5650954
48498436
17878550
1222249
23384290
23259165
46522537
12295798
24774378
31852831
75948382
52884400
65373012
45018574
35522991
71623125
24934308
3397416
8293095
4488242
22225243
24784281
22888292
69197280
1431133
26607758
55228508
17886844
15986199
14384095
5571394
15180894
838487
21311482
58657398
12874704
6456982
20202347
3719729
24784668
15105331
6832505
25212740
41118198
3351677
23167046
11265827
2840550
57475972
45104275
5530079
6458997
26603226
11554085
62741143
67034271
1151011
32923222
40295081
18693518
38803982
39169257
4814781
2328478
15180114
25810070
28619982
9035487
17426510
47383216
58922910
49252552
2804345
1026826
9196489
23192675
75998596
53576880
11019930
36769666
22147678
22698934
15931699
28603762
58203995
25809577
3241238
1447170
42090375
31701829
33071456
8554141
35285396
25986387
62804482
21564223
38999756
5153971
64542748
37181731
24877105
65295815
14926645
670993
8497202
5420015
44318305
20864026
28239543
2898275
3971291
63836869
12974357
8477361
40112894
40318270
40980234
6133320
68446141
25771622
5245920
20288163
63924788
5611573
1311444
17441324
35037104
32511622
8813944
11822631
45219972
9970923
10165651
36550166
32754087
24329393
33948133
2129433
37424465
10838746
3807846
75101336
37597415
44056849
19228523
8696157
12308290
63008603
43938041
13339634
5489319
13646816
65792288
44228775
27427942
44172506
24095418
54486064
1786727
5853337
67154883
6153449
3658218
20678788
24935207
64577222
49057990
33191636
2173181
34142340
23129476
59477940
48498616
38844243
6025078
18676533
57197272
27545152
52884285
72137798
6036582
17393868
15862067
57477539
26141203
34759240
56218031
42881122
6333805
789544
6831499
4178424
5963557
14668151
68750305
25979862
46466535
5259581
3206046
31330254
3184650
12308658
50306412
17566417
59834619
12297052
23686220
28344346
1129210
8618
24889155
5371595
37640391
41258449
22888702
5364079
11225540
24860002
40636256
2715728
16183447
61455772
36213375
24889933
1658291
5765480
24328977
2024717
616609
7561413
51377414
46487061
4309871
34795136
4725852
15845548
76085681
1877939
5530940
74371724
39753701
22888836
8125841
16493163
24019178
17430470
5567147
45606384
19374743
2817286
52942418
46901163
30154080
34794874
19227119
69823972
68882875
66444471
3485361
4629012
11085801
19269240
22176992
22395282
43807385
17423790
24209027
24976795
29151734
16962799
36569132
7561294
5873150
11295195
24847042
16794553
12276333
62247958
12275968
43277441
8432678
14652414
32884032
23651363
65507317
67683085
65388191
1323592
6779947
5765673
11042716
36595065
26609248
43239608
19145703
6401783
23192914
1371395
15169246
30871266
20410261
18858381
5870587
7355457
19333752
20537480
31562477
33778541
44166328
43118465
5446349
13416790
9951227
26698395
75505713
12131110
44272565
29760895
53569661
14425026
3950940
12131121
8149205
1447221
2918890
1129727
59882033
67435303
761865
6754402
58171971
65507141
39378688
39544065
21539038
25954211
64596577
20613200
27018111
3696476
43524023
6050453
42656897
779067
9269747
43516846
5744960
685945
1290197
9311789
47865363
3109995
20864761
8031924
4776375
8654511
5194492
15604323
49783189
1311489
41337525
17076003
13872325
2489458
5041332
24295838
24336982
40644998
1860220
42879295
17920873
38928852
1054897
8374700
24861093
24875042
7051505
41631470
5842638
24337032
45468182
8418897
14716073
17987517
2305246
8545892
11822613
21418110
20128310
44428487
2320366
40106223
11400746
24949544
12308148
24898534
8263055
43611539
25076341
17426269
40096111
23903766
24548936
14420812
42860301
66318169
38207001
28651249
66454095
14248306
68582548
65790564
33888426
5894548
27643356
1271580
2395745
19454255
5852644
1030463
430849
53070960
19652698
45198791
8740526
13853941
9897814
20610657
16621864
5214818
1466668
71120489
4727965
6117325
36702105
65792147
12267087
3198570
41081769
66233920
12643138
43518388
44612006
7006257
24295109
73903164
53229108
7115744
46724974
13748943
1539573
36522350
39850969
43942408
15875625
11474536
18711834
69167089
33254835
44211160
76381371
24783452
6744346
77911
69550290
9587969
51551222
24774420
27720640
1026782
33047195
12317169
33280739
14668829
37680563
12275287
24876670
20075983
26080360
8708278
13761045
8852833
7461295
2807325
12109306
6257384
33043550
3526090
49764456
8421622
615800
2961203
8922703
40215019
26991971
31589516
13475310
16351949
12326431
40364210
6831752
12531858
55591042
2417003
68480349
65784822
55183920
16183231
16029573
20749325
12162450
15669496
10524468
38967593
43538300
24329517
28679922
34446027
11950490
44040016
13106995
9607598
11159022
1712954
16164160
24874438
8107452
41376002
60433163
2385461
60797581
2173152
63710603
39435416
32970190
64072132
24787354
13665254
31993542
53568883
2145878
10225553
29542214
43357403
24776477
59697443
8331258
58892674
41301316
67496219
24414979
55796049
9996321
28133030
12131318
36630362
21424069
24935833
17871508
14682759
5567021
27702091
16402108
1781450
1081233
66932838
49536085
12361311
7533828
47795322
48412995
67543420
40506378
3152105
12295726
11736456
6334357
41340146
46583541
26080702
22888642
17723827
3009831
20516298
48172361
34447481
65990825
13866817
8798110
27683625
4633923
52439066
46291216
71336919
1545339
5488837
15145793
16804745
69669088
26589357
57007608
18316948
6045711
19320161
38704813
13065773
50544646
70300593
66223119
41037849
51495838
28988660
24784931
15053116
8393955
36753874
65608813
32518738
69465029
65437451
20880412
26675898
15683270
24960140
41293265
9654828
40270295
72232341
36909154
772719
31380290
17441643
12137199
24890586
24295561
24858724
6289187
15023180
15214217
6664050
17430241
28065241
54028569
38751401
30670375
6124398
507433
47476976
11304885
735479
34485360
36255720
44328347
4930402
33276180
33377382
24772293
49097454
75718968
58009223
6092323
43696186
39523170
15087766
8090926
36567459
4886248
15368661
6249278
46727553
16516137
43796977
12660804
23129453
49812550
6576523
72681058
5492190
12298351
30454972
9039428
72667515
24783652
24875257
66634875
8436585
58204323
36885052
36702500
5680300
9017212
75925169
30864964
7543160
42864437
40556492
52578037
48253610
20889984
12572324
24844846
47570091
5586844
5728195
19746454
23204657
61777349
4750615
6744545
38431277
19188335
47103956
11086185
5129963
52117359
4773571
19396450
9984090
46489133
12164505
68882613
20517166
16897655
31026761
27688291
66362035
32874016
21624074
12296120
9167794
41116542
39612870
8324482
36850895
18308206
36228515
4738467
5973879
9308851
67137859
31178124
22705009
315360
73896550
20571127
65162212
58683530
2883786
2851711
4336151
44238741
17422679
2990713
4391903
8934907
55212404
58657813
38530537
58954597
66692057
22882406
5144574
9349938
1438361
30459247
5932423
5882153
43703017
24847865
7300398
15834206
29331648
15785247
6389674
12275865
61681641
17752268
43173037
43165817
24624319
45293999
24116409
22888404
2193105
62864118
40654514
17054364
74650134
55637181
8296512
10732417
2524724
66415007
1489843
1295837
2403802
31927271
8700323
10371611
8852737
24116088
25845213
4003688
37478753
56867351
71526011
15034766
8296315
1245045
1026898
12695571
5636467
5298788
20338650
38684351
50525851
51446354
25316806
36366380
6260575
43583680
65370613
6815762
5991025
36605745
7300709
5230728
26468285
7544793
5529639
14717105
19446549
3076153
60975710
21538614
9588582
66545849
47797404
36339279
29989476
5410369
67640775
12266859
32884321
24329200
24115410
5678459
49430112
67177702
7542870
40336033
15055230
21045323
44788667
46300785
59203987
14276366
73896734
56311110
31594853
10157131
3132999
36702660
24774560
28562322
5219911
64667499
24440455
2720597
40380744
66119674
22215594
774370
19146618
74159817
40557757
7655470
7367575
6316599
3146997
9971888
30657971
18942673
772771
63196115
8286640
5679874
24786390
11736815
55082824
18376108
2862011
62046039
40420340
12547135
11632042
12275380
26276416
1771982
15022027
4972490
37321612
57472911
69852905
13202785
11575576
66234404
3835541
40862289
17742813
54962756
11437186
10479907
12863684
5636464
32994176
53540946
41865276
63635672
7771101
36283000
33186419
5678175
23203366
16027885
57435678
550015
26574733
16521817
54109702
65779054
8974612
5946256
1293579
3791009
1186451
12662177
32762386
76387670
66989825
8997862
19284684
33609461
4561587
6962355
3208558
6231527
28257902
12440123
7493008
3521904
6457444
29042515
13179497
49242746
22698523
16840987
40246760
616606
10165496
5708828
31816274
252130
36343956
3538161
1838642
6095679
41749517
3662109
21954150
711941
5432537
37246655
8670436
10793559
15668041
42731789
1380811
7421169
5887619
41232670
48621084
4966631
2429811
17007029
62727065
56284730
1517188
35623176
5665447
8106605
10147185
615832
17361292
12268368
59076347
31104462
30086857
38392844
8918937
27081695
12631431
615788
2005802
58841180
51567220
7018491
7438370
76381552
32755346
74878840
2340294
2530367
71523969
58433180
9714713
43522106
21410631
5853717
42429685
42429722
39282992
12328140
51705660
4069730
12591937
24232368
33259438
24336935
44555193
60385895
53507151
9781207
38909128
24877429
36540527
14027469
29527082
30871737
2110277
41966638
16027784
51562230
60087438
6021342
28235078
9997040
22940414
51261669
43639020
75536899
3156025
10724289
69110899
2395877
32587161
9069371
48805347
3133661
46935709
3291935
38000316
64425616
42093247
6275918
7579072
67080816
30368600
6436298
47104020
11110227
47795587
4939987
4830749
24539970
67692645
31189640
1263832
12195118
28117772
70799635
22126194
31931908
9996431
31949649
3379322
73252655
6384006
62599768
34785983
1691688
7816084
41184038
8650825
7377583
9421552
7741868
39488633
12776345
2183670
11354315
1578398
38634851
65775966
71771619
39557542
29770041
33627643
51205771
16016859
24900894
3675404
5839063
41135717
7819452
9175453
44037372
32032326
44974002
12564502
3501496
17145977
5828268
236141
3004529
69823782
1451878
2994950
17053897
5678302
17135137
3926645
72137380
39838147
55636851
36919653
3568484
10305489
10751360
48865816
15676130
24843180
15168330
15701765
58195722
39351889
7771947
19039333
15544779
2716670
1261838
5419710
3332198
43648973
2242457
45585142
12758482
8106723
49617291
1155358
36257086
31418886
17562688
15168127
31401811
27083509
75998062
17076277
22737890
42955833
34445254
65771131
52267877
20428707
41533591
7207581
17075553
45056011
15202477
64162244
36890848
5575286
40598642
8549457
2672198
1681476
64502920
15601232
32217287
43245729
11536252
5586785
24776378
4437347
8694442
28820945
49732653
52439301
48068069
43801016
2603684
18569331
17370238
40800382
59418518
47264495
26608973
58478901
30127567
72922530
9238643
54162571
68431486
6280356
22528998
10887547
34316696
24848952
36243489
8146787
12136903
24959796
24888752
45674048
50503322
8253498
39625696
59869697
22316509
32969710
31019075
45069936
4197603
40777599
62473403
2360567
7749480
26702815
27545725
4572196
16874187
5498220
11069043
53527028
1007468
42576719
51385568
1303679
76381466
7240042
26567113
26589457
20728183
53491615
1517891
20534703
35652736
49768432
9235116
7829878
4548442
5599425
53984870
53892872
6662934
37048402
2716495
69155845
18934546
21642286
1257933
1596818
36755076
957684
44344827
6287119
15214616
19653002
33899084
35859463
7698038
5636479
30489633
34166228
47673997
67926143
29460657
70830263
39975020
5179086
40284169
61605140
69567759
5311613
18307535
9595607
54954503
36623363
13004730
14361640
40409531
59520736
5867949
45595299
45055825
9996815
51665479
19979728
24337669
24802055
71670787
46341562
2157885
53701933
5571294
51515309
75872857
29439290
52334147
16287580
69868671
11593546
6174728
43648197
42096617
18042554
24329137
4648456
8922829
72690388
15088148
21244251
59688541
32715365
28936821
48222061
33184255
12131245
24876901
33163186
26559186
6082542
24975591
55853539
41352647
56248212
17146818
9316907
2786635
6433352
20334138
11758196
67106463
58931215
14018256
5647591
9414155
40801227
20577527
36559974
41413580
36648228
48690115
15165494
28147483
24232482
36834106
3250276
31813463
66301785
19837420
32271686
49288281
23437277
75476292
47334241
28900606
24783499
1381031
19184709
1257451
5529117
13064424
5404881
2726015
26434988
1141423
25038789
2767514
56570365
32889730
1280224
7542640
8302041
5488300
8714998
32563689
24785079
11791543
15183275
13974723
5960311
65790801
36622598
7542798
62932150
24038679
20173329
7954810
842379
19655177
47937588
74706458
33767494
65477817
1491762
33284304
53980130
66496492
43416898
36739246
6590748
75938616
67717728
9053644
12276824
24864702
39283593
5069845
1257226
5035268
8658113
20182315
61565657
60995589
8295693
10692004
46810222
69683873
69833480
14272906
62114498
8670828
49931364
12395632
38732763
7369039
48181421
7468688
24902312
59453736
7427620
34793221
6671607
23799301
670794
58583227
2863997
5948013
17422254
12162471
2510134
19834521
34850938
7004164
4069657
12163726
3790839
19429621
1259981
22117568
43246237
24798587
51980295
24888632
8163294
3245754
36576794
25182110
46374777
9658560
55854714
5784312
54960775
49767192
12329510
10653465
52085964
58258971
26608026
7490999
72709804
2848330
8651911
34393501
24784061
30207417
41128034
6583198
807472
18065617
9054301
58203939
17878664
24860999
39684312
47541827
15424260
493318
4693982
7391455
58491672
5636469
71053795
24337877
68491310
9056825
24336668
5867872
24337995
57233069
36976768
2362684
15710340
49813621
48543000
72614752
24785278
46782036
32265302
39239237
40349646
32893196
29524905
41650653
12276881
41500350
5458389
40514853
20478737
8365739
24843506
43699435
59426361
65303691
12543049
74725554
24947817
56111716
51651050
76345286
4857584
45605349
69729532
24021560
18951802
41027309
52711753
36669654
30497343
24849387
1780045
1001441
7273583
5265488
40474900
47903745
51255223
67053264
24115638
41342507
11766542
30865132
44262777
24902798
24938216
7542708
27854270
61875477
24115368
37611855
40241786
74649366
65307623
7818406
29509777
46791010
24776935
39553598
58471105
15230618
5853003
6689897
72605809
73441346
45525789
5841825
73905930
51374330
64400634
58841950
4993660
71865283
9386677
38238807
3656509
58178522
33092358
65771165
67606598
68382945
6683429
26344129
41348946
68824130
50370822
40272843
47873969
23536806
8348619
35713471
6385546
34493137
20890259
11223669
23210784
24948866
10080004
66211851
66211919
78941
2677393
5965014
5168449
5658800
17053662
1666479
41375348
47604630
67148745
36464134
12268357
17355323
38809916
6130724
59712882
36773496
58470833
66920663
53491902
71489034
70675164
23128668
32725950
39238828
36584533
6311292
11414394
2647669
17361123
31207486
1706459
1405933
15167999
15451824
6760195
49203127
75157709
9955340
70081039
81243
4760844
24863273
21622141
7784990
42727989
15235128
36625611
2982550
2056289
7742885
12328973
27956199
31151128
23480164
34393756
61551460
53149266
28095665
27603848
16519872
24879180
53507686
37654261
50949933
8918784
61112452
67058166
1557567
28335122
56246539
74580591
33365546
62186222
73970235
24113082
19162386
24934879
24890686
65373044
45662226
67593689
20064106
32871160
53569493
58683542
39770622
49740879
43649779
48728615
62419797
13981156
55041067
47373888
74622532
47596270
76387530
25864274
51378279
11377679
47357641
21231560
34996827
1186387
2514972
57511020
57510557
57510560
57511791
51352637
2149029
68196272
5870234
20125921
15050361
25567265
68484618
61108603
39213627
71109390
68244315
12327799
6045475
56300565
32411769
9393414
9374250
9279136
7374357
68480425
55339357
84367
6832708
58666204
13054503
74572796
17025259
31359907
56127820
15364489
9711663
60995063
8146991
11751596
43657383
8000182
33443246
20679044
31331305
61540177
848409
60157782
11715053
50657436
24487136
24902944
15167661
30863288
3081337
735262
9996791
19677944
5340861
2396553
47597149
11465586
57921074
5922774
20679498
28646880
12617095
1116983
2453728
3141109
48747535
42553266
18111735
75168792
23900174
73636076
55410858
58204347
54969646
12700034
10882968
30124921
339414
33273816
30075427
58902928
1004107
55654603
56075240
27462548
20943972
63189715
41035512
16029662
26588276
48455047
75033654
11612549
24874878
43639262
26641696
24558550
24862670
2559565
53526445
27196915
6809765
24863472
48905300
1479971
54289760
75403354
19598304
36239781
25692989
16770039
8150466
67465763
8733869
15169421
42584201
43644528
42099912
1152430
9424876
52215652
12714934
12276
44617727
30246532
52004386
37258947
19951334
3626129
19537619
17259934
12840734
9926487
31367733
3489770
58965382
555681
5739696
16152986
5271577
1102633
756400
4935997
24695314
1300440
5649321
6180602
15656426
220160
58712306
13211497
15673964
61557312
47597107
39619013
12276678
51374280
54509020
30239699
47581386
43658110
44757369
12295381
58467962
13383154
12249694
58179838
44612756
38844150
65312499
47603202
8487337
27916705
24776700
15416781
51444047
16743562
33321896
51135917
73708978
13989079
24890714
55337965
30625833
41184153
8282278
35963920
4429006
19138622
11548131
3053076
40446918
46333871
51377246
52449849
37871833
67781375
41642352
8471248
17443153
61037729
36107752
40821477
34174914
44330885
42533573
75749041
5784674
1311434
42286938
13614648
42287013
6587253
5172628
30121407
788409
30121274
6298314
34399831
7335197
20890107
47024512
1648431
25725641
24336339
2440969
17423679
43258022
3411887
43039232
40082545
1688230
41349439
5836536
17064909
66326851
11848484
53016267
9425166
65960439
73982582
2092284
39367292
36523040
11727648
938712
2970773
2650995
8385554
15133543
1510621
34392984
1270114
5636471
3151933
71512130
32307346
43692761
2905329
32583167
17877911
728776
22315001
18465265
5421953
32307794
49430756
17177643
17082143
17639303
58841965
18502293
25907537
32217469
2506548
44936905
6578396
25997206
52131148
66242336
9275529
13313232
7280243
45104320
2677815
8233702
1701484
2102165
2413431
30632364
2255117
33663691
36270980
25099549
21986231
19809966
66844141
41706657
2437065
38484199
9588549
40335642
8083963
4070047
37836045
9532172
9945016
64831011
13290035
6653262
8321206
69560225
6736561
7294727
76040366
69625659
49621281
3868101
7476778
22218491
2864887
67078404
39203255
4198784
24974268
41292489
31562350
24033333
50076385
30499050
38851178
10160489
44745057
8089217
6074059
61852410
14517978
35690975
8365784
9780869
20177611
38106583
6674824
4223948
2900924
1151537
42331657
47730769
15931854
65616522
52959257
30075607
24862766
3143367
12570530
12676697
24203173
2306421
43666855
7863041
27356731
17126241
40214276
12154681
22554421
5223252
766470
1433763
14678904
1818745
8385441
40743354
65236900
5869349
75579786
24865086
58683589
5126173
54093525
13628555
6045252
1468149
7788892
47944642
3111907
30563823
9506759
61441969
69453585
51430986
65792173
11758152
44411535
24786106
31845369
9413925
9415246
33596980
41294992
24381523
2881218
8652019
63455321
9414858
2022883
4603580
66020628
29902347
33240004
3133951
11069864
8419275
6145798
37399878
7005372
3745952
68220001
47231812
20840639
37389463
32444649
42994819
24802313
43701464
2835538
64346925
71522378
3897063
47770228
23452810
43414065
24889427
52435732
12483269
21424441
36826524
49964714
17310907
9996133
24936158
22739449
29497931
51534187
1141518
67794309
15932309
8296597
3139531
53511203
36884441
14416609
39453025
10141146
42862407
39303471
34407258
57028398
9997893
55869867
21365564
33288337
28936044
36889591
23405790
18053579
6264469
9280319
5529287
6777493
26275125
58892783
39039584
39039501
39030796
1422285
58902906
24234414
3150449
5840471
2738478
12306293
6352943
24889672
65785236
6578148
12310103
24878503
14384609
42864216
22968158
26120560
24846729
33376531
43692905
18932124
12450733
10796424
4727956
48553085
38478305
9316991
10872751
1406769
37680978
25567326
1636571
21352688
60706807
24860574
19599978
4857455
6954165
6168403
20687577
25666385
69495619
54039823
47814878
16203119
43340696
10816926
2666291
66938289
1297124
13339508
24209795
27170852
11929895
5635930
1658695
10479562
2399661
9668844
2033995
43639204
18098608
4986628
13899045
1422124
3317824
17370378
15143985
1533025
68479787
14612416
24051369
32174649
17126142
5237341
27419677
64276212
1708188
11089087
2299404
2627410
6108681
19553582
18098230
895763
66344149
9370072
610924
40248583
3713791
43774048
849357
41404920
9430058
6031592
13182410
19173717
15469672
2050508
21365346
42878609
40305721
58683628
6770956
21462672
20148207
13804341
8191375
51629787
615769
64533454
1131781
43638558
5277224
797114
13798488
66241621
5643452
24469508
70870812
20346393
1666417
5708413
30841189
29692466
2645479
22535709
56823894
34463917
6389656
42507734
6719118
19189008
5571469
615836
5994529
3989180
25776881
30245022
1744248
18278235
1134046
54779389
5377252
56270644
47567096
5678334
29078287
25276462
6489781
23465846
39950591
1033625
16187335
46685975
18287694
24241068
5210351
6095815
2682729
11472953
20135644
12025013
54042978
1597897
52475014
5518408
2969434
11414228
17450403
7065076
9658468
4968033
5840115
58683468
1563778
3197371
8365849
24898053
17038971
14276035
25725688
6662510
58870617
12570836
24890771
22118643
53386867
26589400
9849929
18134408
55846883
24525047
71691936
22888549
24073899
6836323
19749801
5985580
8651557
12345166
37835680
10658741
24786462
56050934
16308532
5642613
9088780
42844094
22127086
22126867
22122427
26614078
22123150
61604847
5853169
46578089
12201685
54333777
20935368
240952
26607489
8398478
29070899
21693812
51385378
70794693
49548811
11341142
45554771
409595
19448465
1261758
7864123
12027570
23257001
65453232
28679098
10829205
58284898
52033443
15179663
4482421
12130657
57287904
6093250
628235
19140426
58933400
763602
57648269
8671697
10168813
28988384
23654508
5217460
5998688
47527956
67051650
4677805
35470567
40353873
5529919
3772731
15929600
47770323
46974176
40723348
5093892
66107913
10777518
23192282
28129682
1129182
24338984
8091427
47516223
37365691
9996175
24605063
18285873
13362678
5719872
71629623
28590233
31931129
26588135
33419489
8147487
15050016
24912685
11393967
11236623
7425772
17064286
12583
61742787
51618387
539123
6755917
34664722
779033
37246423
69684195
40404627
19231581
36177227
65947610
41091358
23367105
23433196
68228419
39134607
6049880
12295630
39207826
48256448
24296274
48712502
21515428
32896752
68484514
6631539
31363323
58986002
36614903
63944083
57350031
40919836
21647034
39423862
24860436
17368614
12724158
19513694
48542782
35810581
37858155
20329218
38134729
9279674
24783292
16029200
5869684
22216012
24773146
4206016
10104052
44307186
21660332
12296030
57417113
24939026
58939153
56497213
14626838
66630138
24772244
3151893
6025298
38843856
1257534
36948322
10483044
29948362
71633287
59628407
7527981
2403674
31561915
74480278
12137042
9392587
2868029
32789479
36623491
8891077
40087712
24877048
26018720
64343729
4930686
6939079
65507210
7560822
10146868
19781422
31234710
48452129
57433822
57435343
2716305
32888790
7008479
40871556
44761617
42728137
12296367
24772596
59668591
7803898
43676281
56284739
9575122
6579258
10975634
33726954
71959115
4260148
20890331
61539641
24937031
10829068
25046645
8877533
53634902
23179477
20986417
24115281
5604542
3028425
61538137
19512664
1409031
69826959
10726902
40050109
2489640
5636476
32648390
16124524
42070315
16131769
65321618
2401131
5377355
75849896
32970274
75398999
34183832
616593
36036328
24337225
36623830
15604441
8651650
43648513
8297265
52891832
4086395
45037581
13343329
59442538
25712887
28293012
24539624
67605628
14003752
5221320
52011256
2489534
13430342
11729888
30499671
33248769
7428893
1024100
2626132
38194454
25771901
8522091
70464310
20428807
3527767
34519517
3397462
54574611
10593836
7559804
20129568
34408573
3740926
2624862
8119985
49354054
35624910
5681876
49681004
48642389
12669437
68824704
26607642
19132287
19359810
58661920
14594923
24937199
24018854
748250
1421152
40966827
4930804
36339021
42638754
11996656
6249546
52942887
995845
24783329
42054216
68471287
40223781
1444013
48863075
50661083
32714274
18178494
20686450
11914827
12277009
51215525
36279836
17192920
6011234
30175480
21505323
731105
7561755
3518870
43416171
36935713
9081879
37879702
24774841
44037897
14658265
995885
41719025
35516345
59153154
42413521
27151864
12454715
8485
1539938
13866670
12309916
39500999
19447649
52235807
2660226
4957402
11805129
6858503
2637337
25323846
73585496
66533563
25160814
54960735
12295289
66374496
24432150
45621443
25725766
5097613
5298863
73637072
53512125
2883337
64466075
35966589
26986072
12616152
17116282
5405104
5975391
43257276
43684359
43860440
72146131
9545539
13018176
69710719
22888521
6280586
29472444
16565058
24875385
2795518
37469026
24103635
43227073
70794763
5636483
24874932
52439414
23944368
1127788
17974233
9996412
11612943
42902028
68955229
9113132
42833807
8470222
22762439
38050623
22131624
1779043
51841566
12130597
65303646
68647203
58444760
69319906
6975802
55299959
46635454
6793294
59697442
31162998
24961206
75527568
39207568
15180430
55841421
35348693
23169105
39519627
30072129
64350653
25364403
33713465
10683377
1769448
66320906
24859742
35727432
5581380
11681051
28962735
32895482
12596047
9296649
35689936
60923721
54963093
23202768
13185878
18932240
56638251
3824329
23420691
23421067
40951204
72672038
14541924
5742989
42864551
11190864
61652001
5800734
15012815
3719116
6082134
43516085
12986297
1397496
20996986
28963053
8286517
11365307
38494238
1186363
12692418
28334701
4980547
37769736
72228091
46971198
43099630
7999675
23152239
15144087
32136007
8148722
14633406
20172505
45556938
23115200
19468855
9996241
67111181
12329163
5222446
16622094
5933689
5134483
24874983
50389833
40919975
14171687
32138220
12898395
26081177
5302567
26589491
8861486
71177202
5311587
55783318
5716615
48424573
63950094
30953154
3141802
8578067
37640798
1666349
71539721
8837535
57279076
1343395
1412864
5811329
9591317
63476121
11535001
2763526
8249372
1188649
9053693
2010789
42131899
73622739
4408924
59804510
22713235
4899091
2395723
24234366
41995035
42055679
24550041
28705820
61538233
52333484
45418769
740820
6230472
11885871
22888667
2775520
65905476
9168339
70758205
55339084
59023861
72605571
40380657
29697886
11773181
65491642
58841805
1517334
26609196
41606185
42907747
75968893
20671591
38225412
22882123
8366521
50173120
36882687
34393317
66579730
43824284
42286513
42286587
12091391
46382350
12436340
50822540
20627865
12172392
43638437
47476222
4870211
58352770
39553678
28440194
41461277
2150841
9715327
2300056
6132554
44821960
40480823
22287291
77896
22309103
19104222
23465871
8248966
16335191
1500319
8398665
8843906
6229366
50267863
57351535
58848032
36027033
1142702
24936331
10211036
48724158
1462772
20678023
18978558
7785114
17376234
1960173
24066850
20687888
54050517
4014486
4073835
19513915
16415860
12345223
56340223
45055897
66148337
17116677
7060093
1290855
24061705
69444381
38690905
46608793
48926354
9066245
2500421
28748593
20478989
31161826
50963435
65929994
42193217
19221040
30952438
48641672
35180277
47605114
7982359
46236186
54962410
25876589
16840619
15534189
4746133
37399450
2921070
1299721
26953096
42800207
67082159
3064199
12131071
40007413
18305690
10130748
40077112
65151379
43639478
47921978
66175404
44409761
24786055
974161
28915550
46377991
5636473
29790443
19635187
22477156
59713988
4207283
13960393
1167782
8295553
6577641
61540420
44927784
56123240
2384097
53851931
8218498
19566842
46310116
15931498
50021105
25060603
50061131
29594298
8435422
64598898
14389298
36936701
58988185
15885164
47605845
40314772
30258769
53980099
48871077
41718796
15559201
31090233
28346701
53106953
18376362
47634312
48765101
6945416
48091608
24879274
71525927
14276181
21549150
71202738
17305984
29764867
6162037
30234306
40521727
12738371
4741072
74512841
37835733
24796146
1530092
23115994
17434604
28326546
17053942
12327879
65296696
33095599
37621062
6420276
16729728
4069493
8917091
11034455
38276520
40671978
25033444
72713590
34663676
24948771
38489661
6024651
9318137
16770421
18932518
49535550
58284738
8336218
54969529
17124616
11363415
4223317
63808224
731090
24591669
43701546
56008124
1001789
31123451
44252864
56486989
2030107
52807646
8521919
69823168
60092358
8298505
67974725
1234112
19750039
2322845
21857365
12071811
12307730
24232240
18638289
7542575
55644923
40806448
56716831
8895477
25725793
8967892
57472610
55039515
10599025
5169933
19512918
51815439
23807493
22919069
5571213
28357036
9504958
59668444
28091850
73017907
12862929
16541857
57834098
59713996
44588854
52380403
4574268
9997885
72139190
23997352
24232160
13065457
7356774
2841881
6127666
995799
27804813
7220319
36950856
41094117
32261526
13757476
65307658
1990027
49274872
25471825
9306488
55369714
42234099
36634880
66074068
18791797
2530210
1935464
15758423
14276290
38199339
25248002
5164132
3567801
10676923
3756682
1946149
29873979
13872406
17382273
41643158
23295962
9997801
1094987
34331966
28321011
5055529
24862838
42649647
6333413
52039047
38600740
5745279
28651303
12266661
20169602
31391493
7342273
41271264
67143001
4845767
12755233
4930242
14192242
52940345
51727036
63900086
16789311
32927279
12035104
5610949
7209609
12034383
17417439
40515806
19499896
1898449
894753
9504305
44220154
51506268
51367475
616564
8770703
8298153
1585994
12531112
2204958
5284853
5547850
19302876
3139381
47606016
51431277
29141459
17141783
1085623
198508
61004959
15326144
66501113
62526113
33242742
66479774
8009198
5027877
8703550
6004170
2620768
46917783
3766229
7530792
10418575
2236176
9954974
62902436
20883352
43717937
5321864
371475
67370994
67605711
12234375
17126065
3874910
40634773
31606562
24783415
8840225
58209779
28362566
12791928
37389401
69565885
57906807
4931146
5868736
880237
63633907
66362592
17441768
61540275
4814560
24890241
7771352
1141466
19613307
30387413
35346529
2788183
54968725
51628538
66153102
5573079
3015630
23919789
23419533
6918872
4288215
5999661
23687283
5604685
64598731
17836487
60190255
32793094
3304564
26613941
3534645
1388604
12310026
58842009
5981387
8470463
42786704
4570325
52900759
5626959
1748581
5570636
19561776
15517320
24888547
54954362
20123740
15108245
1388887
15577698
31610341
16773178
47873962
3038074
68818170
71566175
24095813
44419706
6911349
41383194
12543526
10618572
2811352
12154835
12364010
36532704
36757952
67109195
56884753
43799770
11068804
8670844
1965301
23905880
24975182
32623556
3148117
13780620
54893746
5682317
2604322
74713649
2152441
12572620
9556382
17990003
3389106
47829150
35611755
74592541
55948503
26364692
1133084
48616540
49513278
36623812
2305889
3800859
25859881
42888006
73863495
24234393
15186338
13625863
34958058
10210196
28362706
24874714
10777736
24959575
41573655
60923780
29783914
12137092
1382124
58841860
24783549
5236762
34464133
28108726
24773013
12275489
5678142
28714589
55948929
68487209
60302148
41270768
30059566
58841820
63796871
20976052
26563918
36068139
6951169
20890217
58139015
16566611
65817484
30500269
42881352
37206964
63644014
8160594
22480159
48424042
24984462
6045348
17898455
31880983
7623720
10513615
37035061
2947435
9441082
24234476
645628
48192303
205247
60329084
1328848
48358702
29262325
6323098
65503394
21364861
23807614
7770249
25377285
39651786
64425734
24126265
43843891
9996817
22696765
2110293
41629757
40670349
16944324
5745936
59618687
18932360
21147771
58824352
58185362
61576154
2171348
8366216
1275990
18331232
6744269
4838495
2596720
65876205
43809710
4229799
2586755
67072409
3951134
75734259
36884840
5431085
5234323
764659
6389661
8398510
28814696
31059047
75797593
3854185
33590580
71631317
11225193
6262280
16175832
15180052
58461130
20163774
2651497
65372857
17177959
12136986
15416911
71533623
31449212
69691061
13153402
19012909
66618901
40338648
39196689
6058423
73250627
24115438
12249826
20333139
8021453
74713150
5949088
20499478
774571
14540505
64343697
15370563
40260674
9889215
5946286
1125764
2395713
24863337
7368574
7426296
28800593
15367044
70559617
5765916
9289258
60870264
1870859
74258676
46326066
29734991
29735149
61557884
26120464
19104079
33441710
41718487
1360660
69659365
58940367
6989826
15630125
13005506
24850288
1462381
14724863
57589059
62141793
24874201
3323202
24295343
2862177
37652406
76381214
12329350
38732458
8161888
48623370
3253971
1024810
6454931
48838691
65398790
16029715
40068281
15463050
8375870
49768771
4835083
8927356
18287645
12155076
28730546
54486254
2848057
4208834
16775430
12918593
43667543
58204797
2323742
8551226
3158977
28660231
9713516
3140846
8149759
57028344
44843307
67800771
43733942
30127468
5476389
24950175
54962808
26530645
75990546
8159953
71633405
22692676
11982864
24934976
20151591
24876971
56114001
55590738
58204027
64341365
30738951
36566159
51505841
15034084
15179754
20204048
41200170
24337382
8298312
59042258
3908568
11468519
42994484
24787296
27579405
57569108
24842553
14351515
4420675
22450974
6913251
11475153
15181342
69575461
11297858
771453
32203348
3260922
42543536
744807
51556408
2212066
68354520
32491129
17164061
8499948
41641747
42864373
30485054
24889254
12560204
48712948
24625022
17161177
35889653
48712258
11075399
33726607
21101342
23944220
19829897
33083822
26514239
29289961
49877066
24844010
24336808
15133196
46494518
3527826
67431830
20479513
4415200
42129484
45629402
12327173
18932782
65654082
8192520
22831163
7242176
7153227
46225022
7901970
20501190
25241050
5944734
59592243
1491798
31036111
37040840
553772
6791532
61000153
45601582
18306172
4296038
25033589
24116029
23880458
6301336
32461436
29918704
2706494
8703405
3134093
28346754
31702804
36884570
1449508
24934598
5765489
58714890
1447070
62985091
5682765
1744297
21112733
5059042
11845590
11022083
4194809
1518363
51554414
16652803
43612027
7790384
9307027
37681113
46181489
7470923
3521258
1477888
8107355
9378164
7595965
55921950
46807675
13667652
26132658
1092070
42067867
21652970
17405556
19030469
751273
41571316
5904324
9503483
64542536
1468209
54979146
46807205
3144888
51385636
43941127
73530502
33713255
71522232
8406605
6817649
34393033
12153221
40421526
5992259
20605648
33261406
39103761
9035430
36282491
22888448
24706956
5841717
70796282
5211984
36103645
727569
21311556
58190770
69560167
8106649
34834320
7543058
46982498
39248246
56732826
68348814
26835625
15892860
7067026
26041486
39032244
11225724
2996161
7604172
12808180
205150
1354745
30697612
800594
13624873
35285572
14049965
24116063
12364087
22224089
36798686
31642746
51278339
69168264
7526310
2327190
36850968
35700223
16313375
29486741
57899561
75753380
6458900
58939107
19087613
55637191
5564640
30974023
43741248
50542476
6093211
5126749
37693030
34168411
15395013
3926661
8373279
12296270
30386022
24774925
36192884
17179681
46810449
16078783
38906671
5748748
21265168
75749034
25454166
3628232
11870627
15473581
18749280
5309626
22882366
37690775
14384842
16653266
12329706
65786355
39982585
66629736
36228215
12551239
15933646
56248224
24877236
44691462
21011144
9190601
48074416
22888480
2424743
895427
28601501
24797701
53347136
17146652
5404942
11312308
20688299
7819396
347480
60097655
16720593
8891383
4679844
5172513
68708192
345255
29870166
2396012
17100874
57354340
816172
43776555
23157407
11339255
8106093
57473097
4694126
7294998
4732567
24316826
58636651
5193716
19028221
7641351
2172487
756415
33191268
47614240
7064453
13380544
7166286
3212707
14191171
9414431
5478552
30032679
10284640
3147205
2584280
71861758
5317242
66511581
12162449
31627075
951813
32591168
24116082
8670793
66354271
67440676
8298828
24860180
7772340
42274851
34780543
42278542
65319278
1515382
1138029
47243564
12434069
2627306
13202328
42995596
28689192
24115399
43830652
2089080
3742306
31026551
66431585
5842023
15363885
66362884
6109077
28403454
49242939
616575
5986533
13858559
1425088
9414681
16397279
58178521
31202746
8336063
13810347
65955045
75827982
1230308
61679324
7771841
258947
31759587
6457129
5882292
14467865
5529520
48172412
74649152
11633092
35690825
20944530
7391254
3431372
30125889
756433
65296194
1257636
1590505
454123
15589394
24235163
5636482
25720876
26610002
54028456
42240280
1172821
1238143
55636568
25590122
25665590
14389347
42772884
71609848
51431172
21311632
17430825
3215759
6093275
29510608
2680796
24115303
30656272
23899960
5570640
39207920
15728665
5673635
28245445
48849865
65786400
54005274
26953288
38471983
35887235
30669544
6832306
50061093
70719098
30245543
7213440
9472304
1186341
6338267
76409096
41349222
24876394
12150882
31324138
38228982
5976749
44174683
57139432
21780481
43105721
41274357
36919210
57545162
6587200
52271490
64466440
4812555
65495368
19453032
42962301
24972534
31693862
35889316
33714717
37440421
55689820
41684429
43978568
6096292
34400464
3359960
5309806
44280465
68244573
16433984
53572292
17054172
26563855
6710690
32557795
9037322
55040578
36258224
48195688
69686170
5195049
615807
5155594
41233830
615811
67905872
71635928
995924
75796905
24961369
68487347
23281411
25595290
64293293
47449349
3714575
40766019
5960525
27071316
12162493
524577
66164
623737
19663278
19083378
75526173
36772599
8651279
73748515
63254099
6167124
12777709
6511816
19471242
1959650
9419548
5881726
28524492
1467060
5404540
18099480
36567104
36760682
13463047
16788259
54200969
52185775
8660330
75801514
10031895
38704934
12296501
24096277
40873234
32170155
12324266
56371018
34518845
24784168
24115268
2678132
5973887
5636484
1776954
56127774
37025931
30655881
55063045
9996261
44713890
16029614
65792255
23219454
12546910
22888363
24116476
40352548
24125168
10123489
41401099
24888686
15874099
1207980
58461137
18125554
27751716
3211265
3933665
8011747
40956160
24232501
24337955
74509190
40390014
19501253
21854902
26366115
12667259
45079425
5602616
5913513
56455495
68339304
5368345
2944563
11299426
61604113
9545216
29871322
23203235
33270413
66518011
71861563
24975971
24865208
22888723
966811
8470700
2058332
24309655
21230277
3926608
22968903
59660198
44138494
27800234
12973559
7772670
66424544
51374318
19656637
3543342
9161466
3289041
41268418
40281587
32893164
12328258
1230050
4569621
43650457
13671691
24958248
40242922
61531582
12763874
4133923
66707276
34973257
19865149
66421182
25026880
5901324
35025568
61728134
2403829
11820711
9236375
48728736
4526050
24889845
81285
24337802
44611697
9901664
59056085
6368755
69566738
36210272
9558680
62585086
12306613
65792223
66832923
52803198
69059824
18043671
8371673
9415101
28149816
5529728
15676523
9420663
1777448
1777522
11754583
20377282
7325360
40286954
2769803
57350315
58351055
40344178
11028222
58892724
46188401
34762494
26093501
1273199
10685385
24232445
2815337
39905364
22259237
24877287
21731621
8400714
22268205
70581479
2518727
15097326
35885717
9996292
12556158
42054054
26108750
24336711
43528933
34813081
18713516
5682252
45209991
38865938
46923204
68793396
41061968
42341085
41799996
69659330
9998052
12295184
64235804
63198668
40087049
42437965
2769406
6025204
38679642
12423581
25691816
30078942
5946115
29038980
6096014
2604815
5626572
34534870
52989899
6689622
8005406
42584257
47786023
65512122
10777420
23129404
34463457
7492539
17877787
43650321
31702539
20796667
34836622
6778023
40541807
5429047
22282719
2626772
65366944
16588
4129695
1805027
12600686
25876252
35512981
17382172
4583163
2523113
1896409
14390930
26259495
5571094
47514369
616584
25993555
5655917
25595355
24949610
8495197
16269407
793556
44492972
54776249
40207544
40373526
12345675
39459369
43385294
1298631
16789578
47715984
5574046
24938411
5107539
6911254
27835831
61557170
5984708
44495830
6454018
9996800
11207975
12268212
48067950
12439187
10684033
46732805
69186508
10160396
75940534
68704438
12326297
33672910
12306518
24972875
4346910
9414534
52324610
66020722
24860630
31635983
5305108
16575213
5636477
11035670
19108946
56488189
5309687
8632262
59820416
47938887
11626342
9541996
25559212
3079320
40224449
2986103
4781788
22371289
34289503
42523068
8917183
36732854
28344531
4062081
3142043
1257757
8797112
41858824
17559985
26387389
30520434
32778712
40690773
25863109
751279
15917128
1133034
69839140
71679573
43639756
24799077
41675160
58209770
53577036
1606122
6402361
1151531
1462396
42271984
75685292
38886218
24858310
6975428
5313620
7904134
12295511
24700873
2204898
40249475
50538170
55619670
16772910
66239776
65791141
28885046
3372125
11897847
8509571
2688678
816211
39792823
40320121
4134193
39504090
22826295
39256589
24337139
8107572
61517480
15440400
29261437
25655814
46793734
20890038
65612597
43861097
8817391
1116062
2399771
11612624
16308263
52611937
46181004
10868432
20883136
8398488
16007177
7468215
61576088
2429872
2795320
2553956
47535266
9581905
69268721
8551343
39239421
12277158
8385391
51385364
28694544
1543567
43405230
58276174
6389677
8442785
5636485
3798450
67685711
66484691
9041656
35690202
5647119
43399589
1469201
12608004
62168594
52555538
2440175
6174271
6706409
14471284
2526978
10402875
2819251
5932294
21710559
15741627
5210193
1380753
5841411
18914402
28468092
7255707
5945860
5997909
28714631
24039331
5164043
5109475
8137286
9997743
15039153
21288816
33546915
31322844
17786415
53705185
7872968
44545555
7819615
1395706
58209688
28706660
5636481
73917200
67096859
19029599
6082385
67702321
36138873
43640185
2938341
610980
9558428
6035058
5978874
13083484
24116035
36462340
24973750
46325217
11188392
2716964
16274230
38531042
25046462
67876894
6574645
36542538
1875606
61554583
27222956
21290384
30857522
10160393
6098364
40670168
36765618
57477236
41019984
24771712
1977645
54962587
66910899
74838496
46181927
22035399
57316320
32871094
9190453
4288499
36084551
6102963
58002424
8295445
52243865
24345300
14755579
29585952
40730447
5334410
27650532
71121358
14276518
19029040
57382856
70761989
8523054
31716980
65760407
8651177
5728292
4401249
615841
774850
39113708
46493305
32271647
6667199
74752652
32837064
10184491
26608875
69545363
8152121
24115949
7742679
67071498
58201167
24774060
43457783
5147302
49489194
31001690
6590551
24875919
3469241
36851143
735169
1914994
13391908
13908998
1472938
18975020
12325989
25034259
15027780
37026392
6945593
20972712
40521128
26018885
31715636
5230881
4905105
71055175
8362477
51287608
70814324
51216552
8371604
69173369
35075264
16018903
26434500
4845553
43818914
72676254
41443611
1117939
55941004
36504936
24877183
7624256
36769949
55637296
25767673
36614958
22836020
5238574
15263681
40374467
20421402
28790079
7863214
5648007
71524074
5816103
2538899
24329972
71120676
24225006
40783239
18634175
14488724
6231165
15424582
615844
37654656
50545715
28297705
3134221
2092912
2258724
46182706
37330957
35296935
9500188
4545345
44154666
28645683
25394556
14679297
2384174
18545512
16801825
68529730
9745788
42167605
14353567
45368095
41461342
12585292
8418291
7513263
7663480
4537755
9610155
15790035
1449473
3984799
13401069
22994274
34318808
8632499
40212771
12069682
23270924
9235197
9415050
5842510
68726608
8903313
9210808
12164445
68480247
12817867
21311734
66950310
26566941
40077246
9414935
64395388
49779577
17076495
22338356
5887077
34925803
26567992
3378001
24786686
5161747
3675073
55568755
45326395
821876
28796964
33712142
9912984
23419648
45601199
16775222
2085125
6878
2715536
2808999
25449624
11695554
1116878
5275584
43508421
36288595
47604706
58204302
62741520
5636475
14273023
12277325
58692642
7624357
41290237
729228
30125494
26588631
7872766
42123105
41342687
30582481
9065173
26954740
43638997
56018395
10856375
47669815
1886415
59664731
24879081
29503123
24889352
67088308
12131202
42069994
2865258
19221979
39553174
7166753
5935744
53983739
17376316
20864246
37760417
3162837
69668260
39183611
28915486
71109466
32993009
12308048
68582302
15625268
43356983
58937994
36884519
10777756
24116041
6242421
5309834
24975707
51515545
65365321
2822251
24998752
36509424
5637324
3630898
9041526
36062292
9996804
29859757
14901796
13799032
15701967
15230691
31080369
11401353
26609076
63129930
5033313
24357507
11206925
31418945
45092947
62313909
25795232
31690245
6590441
72538866
70796230
15278874
31049669
5811912
71507488
17117180
729277
24771883
47615086
40281522
3144722
1720995
16963382
39906904
2079939
61565425
16029791
35675271
12296932
26920023
12154747
20518899
43357103
7781742
36035146
9996346
57908964
43357020
54953939
67426677
9402664
2617568
5322009
19508313
68818225
30209534
4854951
615887
9712886
33651108
41662321
2222254
9210651
24859950
24125027
23480399
25596857
39114459
44379519
3213059
2606322
29237196
55133069
8398462
70799287
48840736
47615276
49792434
49431770
66901522
48530231
25948316
58190590
54046551
32874105
3716091
9390558
24723034
67061466
53991642
30468724
4343509
70716320
11799829
25667707
39080872
27390919
18745912
12326143
32142446
64265355
70161699
27137302
4781588
65306669
24232206
5586722
729245
9280414
12266793
21384781
24312331
739512
18461293
11092054
12057794
42317617
5032844
6385531
6733973
53308499
19025706
17786451
1121500
46420452
42476116
15719655
19542638
3039016
22938476
42615877
6155980
12495842
20163949
51040488
14863766
8789221
907076
14608625
756388
8528515
1643259
20401443
44621472
67525403
29788025
9040049
5823946
12808936
52660403
8724293
19408233
2398399
914787
9713124
25996233
64675282
13931420
2108060
1933345
24752889
16802106
6180658
24798108
5635059
15214611
15785624
8718419
53205162
8704459
41382588
73905189
5364090
7491367
7336288
15687738
2677743
47615382
34958980
3416202
25033667
13969331
30111235
26159170
32086401
24594331
8286946
19460152
6304122
22125906
24116429
5193204
15180012
16806820
42167662
6762911
48433255
5636470
548548
1620017
9742294
43239297
23383942
41183374
47921705
45573903
1490138
24860499
6778316
24776533
2019985
543293
29539182
6975696
24987586
11394963
5561530
71752321
3767666
9331923
8100670
9996377
65615762
80835
27256530
3586582
8295662
14659396
18975299
1466702
21076484
26209218
6545687
15098061
33027983
57461739
77880
11042627
2848634
16620372
9996809
2626837
30463805
27581215
50534089
40964973
41699817
5948872
16103381
24859801
11872998
64276407
1469739
38434489
20144528
5195739
15186172
24329626
24859903
10227443
