17546250
41662890
41662892
41662893
41662896
41662899
41662905
41662909
41662912
41662916
41662919
41662923
41662925
41662928
41662932
41662940
41662943
41662950
41662956
41662959
41662967
55660425
41662972
41662975
41662985
2103336
39848126
58923520
23792924
6987337
9573344
42716553
10643559
12101245
25072556
41266834
36906678
58964779
24274552
8914280
6153633
12854173
8992706
61850432
36682157
3145247
5965569
33171289
28365220
41623703
59408328
3147441
64741594
67499479
47185425
7000505
3894291
27543498
11888258
59552221
22381870
9709156
29069651
49236337
51652043
42163594
65192765
4839494
8209308
5997167
5997472
5996744
9238667
70452796
10747368
18761734
2604793
18759327
15656986
17420565
69575470
11918386
42648295
19061901
18928804
14319156
62616899
57461486
19614729
19218410
22506136
5963822
36255204
68522732
373900
5771914
5932544
2803299
25254893
1585935
19388052
5167552
15768714
24947083
15652697
59022515
34907506
58269010
3081890
46978751
8475143
31745572
15413996
62196059
52733794
1057369
52199155
19401394
48529109
20470082
56884579
22380104
27770457
52133076
9113218
5194646
25995080
61916744
16351112
51540640
69042547
17367064
50374053
34314894
20540654
1646697
52169965
20822659
23143496
56336384
18676410
60583953
11556671
52157051
36684040
48675471
13717594
12482660
62845857
34650729
4585368
11830108
34395401
65599395
1302140
17102919
6026849
61441017
1384900
60502571
33595953
18539170
43442582
59657191
12793301
40269912
23714992
1924626
22047225
60329645
23715543
3437804
3438723
15297442
5961292
5635870
7757526
40370802
2975397
6181967
40771618
2177801
6663087
6143877
48839660
30385265
72093787
3508785
21896772
9993504
43791949
16074577
24750653
34053114
13295254
50947481
12453262
40215173
49232420
54866773
16236269
51327329
12823100
58841285
5133779
73151015
5627280
19940364
14500491
20841447
30578785
43491260
1467134
5244358
3130985
12330803
1610584
22319170
44282513
40335533
13023542
26009652
5432666
6762101
6762300
23828100
67398770
8671142
6181746
21246043
15350804
42765348
16131547
1053227
47297522
5575255
65671811
5627339
2154782
18759035
20809046
36487628
15218804
21011056
17652351
8495865
27764818
14362155
16763547
63050388
9594352
6688671
11821358
10727737
9659544
53243197
61643429
11004298
10938952
28206622
73274662
40352018
25048453
45468329
16138504
16862164
48675343
51936031
67294444
47332635
25256393
52088
38824020
16025722
60532317
30243232
25068972
6508788
55840612
15040725
71231584
5218256
15098394
9558325
8858940
17690135
66808805
17594481
9910692
1431133
15986199
3719729
41118198
51382043
7045517
8451237
45104275
17605836
68766506
3478823
5542665
8451286
20746089
9056527
12162982
18665701
73024140
21277082
3795739
48966528
22267343
49989262
1151011
46453891
73323004
54203399
7597819
18693518
2629222
9910146
15414111
6975875
23715616
13090018
46356232
23715772
52988811
64703956
42439694
19200231
18159748
25810070
27004667
27305748
9268317
54180694
49252552
6074651
1379276
17908203
12416277
25461352
67132007
18159852
18551965
68378547
46526209
25546004
39010449
15931699
36487706
18539094
43799605
35599301
34876023
7549011
3295235
7217485
18808804
75583898
8554141
21010828
6430783
67441160
17594734
62804482
5522342
15701831
59031132
51179883
42515575
62263803
62170404
16182314
13216519
2626053
20808503
1708195
1668366
8410584
12411158
50202759
63649149
31060845
39370392
36888557
72682757
15687557
67639278
12038560
44318305
36916390
58080262
14276395
61884513
11169118
65330504
2996511
28239543
15477370
14472308
69788047
2898275
40419778
12725110
56520601
16448512
65435151
15652710
1585891
69327655
40540617
42810871
71485247
8544336
58359362
16468916
32511622
54779388
9574569
60360233
8394247
11822631
30384822
45219972
61786855
8179770
56312204
43598188
9970923
15273188
61402717
18194468
5575399
5575427
32754087
35664892
67427460
23812710
5143254
6146219
20479053
50204920
39353230
33948133
42409036
17373471
10931006
4893181
11433660
19026501
37403820
67873582
12233288
70923016
9612140
43938041
69192660
62522412
4604591
62253395
8744333
5853337
32756294
68401744
15382304
557040
61402656
33191636
43808675
18676533
36175291
8271689
18676776
11694488
3381791
5196278
2530145
24750699
51696
64589915
2855038
9559011
14281648
1380746
14315977
48036127
60497352
52098581
789544
54354039
2528541
38733645
5963557
10812709
15652619
23730985
15809177
61679619
16289130
8337516
25192243
8771853
20122098
5839400
34577002
10791545
5237023
7442434
33259674
66587374
6976474
23731287
10814861
65752978
34042226
42191625
58014798
17566417
5393729
20217434
15541815
65639250
50246893
23686220
17419827
13449225
25212082
6841820
24225398
8618
10770894
20809538
18552030
21931648
6733792
17911797
57129774
48746189
5364079
8393245
62633165
15144365
62368238
38556714
23731584
73199488
30093896
12706174
17607396
24077792
21576320
7226066
67745043
24396481
43597863
6837074
75987444
55326427
7966716
60190966
51262107
12809193
1235069
28075731
8521541
11593820
13996796
25099017
1658291
50114573
70353343
44227589
1646595
15652660
15427767
23835155
56426833
4309871
8618356
7077975
15809300
11911397
35332821
18159799
51551341
69083908
66024165
20813685
5467953
39361724
65969770
5233183
15170438
34795136
38307410
26248147
4725852
5285260
44500671
15701908
3168167
9829679
39144998
5530940
65151684
39753701
25199742
30363784
44271122
8073221
7052649
42928673
25763548
62423628
33860784
14510152
23738831
16571552
21612836
40720606
60659684
7159701
20098639
43468107
11003324
41433314
8871460
4629012
35887023
71039301
1440545
22176992
7492865
67268276
34042513
9686442
10304444
43846664
36569132
48855771
8788279
11578410
6620602
8842058
22465891
34043797
28320250
11295195
16794553
63621012
2226421
36562834
5740498
46428451
32884032
58069402
25600205
20517093
16603915
1323592
56415935
3795619
67247042
16674044
6646509
48810581
22259752
37568822
11741740
9231365
11973719
25181747
8784760
62198931
20500342
12690349
15652678
65565054
9318912
9419282
30871266
16192420
59759962
54851877
36567862
1971189
23837390
8887452
17684105
8112063
69655181
16979319
66460007
1687460
76187694
59186580
66319959
8784944
65297995
15801151
1129681
31562477
15413598
15969137
11691887
8788646
73872629
9951227
65694285
54578691
14016172
16959399
7468017
25437347
49503472
6449289
8283887
1380762
49395645
68310701
68369095
33041984
11819231
20479299
6508908
1129727
41586582
69163984
10730658
10747619
11648778
39544065
33590691
37954154
48747377
8514730
17225425
20775046
36662811
11715546
45220067
10931649
25046407
55096069
12174108
44763186
11023693
11899317
1004027
70491581
69172438
3548953
43516846
3121784
60671890
3040728
47865363
4776375
6822439
64663049
25214546
55724979
5194492
1451945
1447390
6199213
8768941
11329300
7357373
17076003
31587341
9425024
14298208
15652814
16050270
53890589
16045868
17920873
24948487
27759789
63955338
7154646
3525183
10795509
8871510
18263751
75607596
1054897
43959376
25533562
42077497
19369649
69259618
16288874
15701795
24347289
10050199
46782076
42238628
35887134
2305358
27318257
15861937
36910770
9930111
23732651
5904174
65762738
13983999
8807364
59618902
51492458
25188917
67294381
75000903
16382477
14500095
71976408
48712176
74642552
5999403
5116937
69217657
16063804
517941
16975086
32577634
17791686
59203676
11797818
20128310
1384929
10184121
72915890
56299347
44428487
74115790
8238881
17566466
61382608
36494803
5463858
23589453
3241281
60362749
36890539
46454036
36889377
19646911
3720033
878134
17909370
65055955
25047685
15810204
70118144
23734478
65549374
15256796
24103593
70169735
25234584
8473411
9709250
42934764
5529584
68486215
21984570
68574259
15362278
24577615
1658300
36890202
9842825
68259776
44721356
2178542
9350344
76109928
69654748
46782617
6151004
18769055
54888159
14356617
2293851
8771529
41933648
9650244
64663767
8934194
59359374
17852379
3138382
8343188
16991098
58308715
20113070
23903766
24548936
19646596
44256721
5399386
15327068
38207001
11676876
61429372
8887310
16795202
13705786
9792192
60545960
5852644
15423893
44763217
3312671
7654721
17440523
25600794
7168888
8788753
67631292
5912726
16159618
2527045
14806702
8460406
51367567
67648116
67268220
23176450
23738394
4727965
24489598
17909678
17690280
10792089
17562279
7816501
19848578
9503915
34404028
15810633
56870679
35016563
3198570
55490816
10598268
4334060
615874
75558696
12386638
15064918
58076157
1877174
44548319
18285192
61645109
28291385
6326843
19436233
67310561
15310968
52668862
24750756
2044021
15875625
11050853
60503469
43791896
3148888
54863681
28449280
28479533
6744346
25047047
5432791
51551222
5312570
4755006
15473770
30790325
51319383
42515639
28298451
18677035
8708278
3127240
2807325
36176630
52181634
49232166
47151554
23739068
49764456
51651647
37075540
44930356
15219552
25101827
42164334
10751785
3132549
58315541
12195552
48155946
16351949
62253422
2417003
17656008
18564003
43649075
52437942
74883896
69387093
15687770
9054530
24315637
62145693
40629608
1692005
6714458
47477436
69577124
58123605
66497889
2181108
73992325
36353999
25885834
5625857
1668423
6913309
7523824
60433163
71963498
11794636
15218928
17660691
31993542
29018545
35599166
12292343
3666288
64239456
1510055
17871508
12928003
199933
15490542
24987332
36925175
23739123
19370325
9544773
17723827
27733964
6934419
12780118
59585217
8798110
15219130
48528888
66732871
53240266
11100468
1545339
9431106
3081738
19158030
13092180
54829318
6045711
9835037
8296758
60809140
16959072
9996084
28988660
67873573
10731164
8393955
36753874
5647535
22954825
5284807
41293265
56011053
10871250
14806194
15022763
62997193
772719
10732110
17684266
2429090
9748102
58831003
65669915
18161684
9786554
55361016
9054212
55855435
23739278
8784831
69340005
44076535
23845952
27484900
12298351
68314612
21412997
7189794
51320156
36702500
9254811
9017212
40384209
11576169
30864964
12778306
25724473
15311361
8051127
1952336
1031818
23376847
5586844
37731203
5728195
57606947
44810106
50139547
15687526
23739447
6732322
4763841
25057663
5432398
11547496
69482051
59199830
19476171
67745354
36890244
13019952
62199023
23548864
65057905
71486320
49494840
36881624
52596747
16265755
2997961
67776540
7550860
57467048
4080082
61428288
65631053
15098518
23739654
9460847
9644206
6790009
10924536
15300449
25070897
66114746
1411878
46536975
731088
16897655
14589216
37541242
15537781
44575293
7044971
16182192
43597739
27688291
16350930
58883124
15841883
18539381
5158620
73687453
8873210
8996274
62104208
23397889
1646643
61202252
16034631
69269993
34697165
68811969
4738467
11192739
6181823
2079077
10792333
5973879
11633248
315360
34306606
2403285
47852703
37559692
2143614
65162212
18377890
69639154
23739987
25144587
22341260
9910250
61488485
51262133
25188793
15099721
6995996
2851711
6838832
7565111
10793600
15398977
7985004
25047735
9349938
66269859
10408507
9712060
12749864
65077607
25137394
25049002
16806709
10704589
28228364
1663417
23740173
1001843
1172503
4334127
25047517
51368109
61908247
46519014
9069284
72091726
17752268
31572462
43728928
60506495
8280186
25178939
54813824
55528194
70110070
1377325
17470719
34886375
15293227
23740302
5823574
8258254
61491976
6646437
67873591
61260115
10732417
22315083
9787601
45447086
31927271
3029408
10371611
8053819
67873584
559673
30756682
25191489
25099109
8296315
7737628
5262901
31163094
1082043
61402582
23740489
10699170
2991133
1971102
42737745
38558166
3147966
50525851
5728580
12749015
48675622
5991025
8858756
8849880
15236960
53041698
38478249
10351256
20882593
26252150
9056297
7544793
6167338
16457977
26485127
19446549
21538614
25111445
33608866
7676826
7377782
35413066
40314261
47922249
8474976
44788667
61450866
8111889
47535562
62423489
25049627
73022305
11676726
65487154
3132999
69540166
6482492
49608529
8399380
5219911
24440455
11633155
67745426
15687281
774370
10912411
16861386
21945808
2627369
12807162
10924881
11831773
19392783
8855874
18385272
43118128
41307422
47665295
12052767
25050325
58127381
3146997
10656960
30385266
7494746
40715456
34053034
9971888
11310189
2627441
15687756
55841003
13993895
22851453
61427569
64744193
9360017
25199646
42352158
15272786
29417757
36481670
7872872
69500067
19812070
23200207
43538183
10988692
7818267
1284004
70321656
61454845
36257204
1647508
55287838
13951754
69345276
29857959
550015
15360483
6980903
13654941
4914382
6900027
20809158
25019146
11312779
1293579
11942980
39169990
16277043
41419591
64958390
69171540
1663111
62616999
9542186
21647352
69320003
53890587
62198913
58119221
36690932
12662177
5649084
73988751
1686233
14426420
5625753
1663410
58069187
10815366
6039633
51520875
18538736
8784309
36390753
7275441
57407006
61444536
4561587
26774937
12483353
5446381
38495285
9612421
61427581
61368296
69344534
13179497
73578911
53374478
12807363
8837391
36699327
7549721
59535439
18159555
8147488
16840987
40246760
61090306
8807847
33896026
11538638
23179596
9262402
25146266
21010909
9147047
11492956
7806857
60828423
10795925
60381395
24390110
68458902
3662109
33249313
53894850
15325809
25122074
11527631
70256012
18665608
14499007
70472353
23741990
2626733
15258069
17352728
15233394
62253443
65464018
3018749
15820596
17693692
18664807
66994970
65247275
5432537
26039540
4415275
35452694
49494922
48675262
20134620
55401533
10604188
32158029
62253377
10030443
12777561
67745332
23714844
23742314
20502052
7044520
1167000
5172412
8841925
18125451
26309678
28583374
15875672
13685115
15237366
17058229
25058066
22258182
4171054
7421169
5887619
16187347
20866010
52047086
25058840
41232670
48621084
54762629
17597228
55840850
9724880
6125371
43565572
32298777
1517188
58691041
10507467
12724564
25214330
35623176
54362430
23742427
10812497
39306798
50175832
11081584
15801945
9438497
7961646
12748881
18615035
17911947
413244
27979298
615832
23742616
47207304
54631783
13406658
15503172
24747962
17715797
20808722
7961697
40353805
25891372
17125397
23845321
32875725
16197928
1809256
36898361
10723764
8918937
7527529
11117086
25524561
3273413
30595799
2005802
58841180
7742352
19404817
14016451
13046127
55994366
34308555
3708613
57128245
16776370
69447406
71719229
20841584
11506471
51361880
51567220
7018491
59275757
14480572
1385180
69575528
30012236
44721438
25261023
65249435
72091303
48735990
11732514
58512588
60884320
1385212
65155039
21858661
73128150
30949974
32608980
7323347
11556207
1141494
3630528
32470673
69056666
2340294
2530367
62349788
12309836
50134294
9714713
3127499
43522106
53785247
26869432
2518522
52671997
49751663
15215299
2626863
3946629
75006930
12849797
6040972
19308986
38909128
2967958
11846759
52123710
67816081
46978939
7061859
25222743
3379288
43792086
26295433
41966638
25099884
66703308
10525331
43299104
25071064
12752049
69059514
6021342
28235078
9997040
22446067
58375393
2135282
1994408
17293399
61373470
1769579
12823978
34077563
36888971
65355529
5277430
47102222
73119421
48675674
18539608
59800289
1053469
9069371
48805347
5626793
29360830
58069253
67622868
582420
60809339
47921814
12809412
50200882
2158048
10233281
34043923
8329567
15755903
56759458
6545490
1258483
3578438
3167540
38478665
42576074
43232296
58017282
25584289
65364142
6243810
1028629
2814680
70950804
45634033
69208166
55234491
7579072
5416600
11727752
12572492
32557423
59155375
47104020
25003165
36893433
3000931
40652950
827887
9805935
4939987
12343670
62424586
20461323
65384520
3379322
5503442
46195773
71477779
72711185
50045823
58071435
48358672
21420452
30576904
69163169
14361712
27727301
39488633
3955330
18539769
16940634
42811341
4259944
18948520
28211067
5326090
42143162
6303677
3729412
16276831
25200679
70510330
8864612
39557542
58014941
65679335
68320907
65298665
71478144
72915608
12293706
25068574
66013196
9155461
9071683
33627643
69717051
43412490
52247361
24873910
76232420
9933117
19493646
64972297
70143230
9650025
65624074
72172619
30599978
10726676
23044108
8809288
1497404
1031793
8784797
9631032
69464151
17690773
12564502
47147607
25202006
17145977
8980393
20776051
9807396
14298354
75712534
3004529
25256562
13089741
19358417
6267978
43936253
14288426
1451878
20183618
30291514
11303855
28415364
43267893
25057610
20356508
50280752
5779307
17135137
25099821
3497706
67413507
61390198
19046042
42602221
19981113
37031080
30352963
69172823
12780350
9788204
11187911
21298079
17521352
11020936
19719159
39838147
6034123
69259524
14690500
17874877
10305489
10751360
51262045
2303386
8172261
9660456
8262883
48232731
25199812
8858845
54197917
15701765
9573270
64675884
12937264
20475216
7377938
2037762
2716670
18949121
51326921
9608002
1959751
8400842
23210274
3332198
65309961
2823906
40214755
17024946
4771360
16428871
65623991
17562688
1959946
8987482
1867215
73579573
42377982
69863481
44096186
65148638
48509260
2855510
66176732
9025027
27980428
10477580
11864585
70477621
5575286
42213064
65321566
31989681
15389644
6085283
43412745
2679034
40332405
4019380
23686965
12706407
17058010
13973227
1384857
12838395
69200039
12223308
59378732
69453860
15949074
32466041
6280356
8146787
15233701
2360567
15176332
7676838
68432062
16192804
9034795
16486003
13052386
17521063
58085223
61402554
17607289
5831700
25072767
40224822
7313602
12690580
3646542
9146647
23745157
32547667
5259644
14511899
1596818
8313048
36755076
20581906
957684
49268925
16489277
27770329
65333364
1241563
65913533
5194761
53738508
8112320
25177806
19215892
59520066
33899084
4231529
7698038
43374112
35599218
50134717
73929707
9589410
20127796
9574638
55127073
11585490
19940017
6689115
17684679
11464075
20841678
49188566
15360548
6797041
5635737
34314760
67299509
38325445
72174738
11124334
3535868
6440334
5311613
34305635
11732000
23748876
23686517
6981636
25144381
21336138
13138416
71517563
2759817
3409419
7229762
67597100
18539631
72915982
65874738
13004730
16812477
1668345
8954270
40409531
59520736
15324672
8343443
40588598
18791107
13121884
33825580
6333524
2795210
11288672
65271251
71473773
11593546
44558986
20448468
9594056
9382793
3175780
22360522
14842645
35480511
6028907
17009635
75475795
15519911
5647726
8507856
9805687
38050865
12706978
5999206
23749028
35456674
25100444
5377589
34992972
8112153
61394682
36904437
58327785
24254230
9707894
25046276
15670595
8881041
1280224
11896142
5488300
2436225
8714998
61599342
10828134
12749080
51586538
32563689
22513983
253764
34540100
24036891
52123609
71486926
54901245
9101692
39901454
37641827
60808891
58268689
7562584
11692056
37679921
53784004
23554443
18665090
615834
37688021
40257428
4197452
20173329
11589059
5198544
7195613
25122039
47218199
9650624
58501067
55719100
16768237
23749327
33284304
12249560
9975749
55841415
3930865
615820
8270961
7598041
54447917
5018254
20120871
18285329
40460778
2245448
15473727
29658237
71432065
4557247
61384305
3025466
1691208
19540681
22357427
40361298
1060168
68783982
22950130
15964847
13260094
18019545
6809886
7468688
7427620
34260610
62253268
12274875
69168715
46299305
2779652
10746763
36904797
670794
66411950
4771647
38867292
22294754
15820704
18397115
34308879
3017122
1124847
23174533
17604173
19429621
43071648
48745941
12223260
36576794
7066239
4824729
69336808
1437022
14690868
18112325
52170021
12145250
9054301
17098779
55190932
54966393
15424260
8788702
67873595
14025216
6948220
47903745
19939173
12739701
61382670
25601349
4647492
24186297
12038682
44617578
4596139
23749605
73905930
25597845
30279585
20462402
51820739
70241618
19988848
16751164
20761531
23524184
12167283
16943918
23753176
10681292
6979675
5106899
39557816
61432795
11302789
5298462
55831200
11038970
49495360
18594841
69436243
15726001
6503104
52701346
12555041
9708998
52974606
44091608
5658800
65162473
69658446
62263314
32547758
28912526
46659896
13266004
20841512
55330136
20515394
68353023
43417461
8172114
53899400
37258327
11210956
8855937
50050102
28935060
15801681
25203929
42112250
7408435
7392147
43792424
27571355
15118219
14623422
10938304
9558600
9611680
5432739
1438258
62169983
62253322
6131905
15308389
51488485
6051347
18666693
44803992
24748284
20805646
6138511
1706459
5165040
15827012
19323412
30122226
6311085
16160093
15308600
18467455
49203127
34526371
11572019
19360547
5194796
54241055
61249922
10155849
25101736
20499862
76098681
32594650
15736969
16162671
45671849
1054952
36625611
54088033
4437292
25057298
11741562
41461478
9438912
32599412
32384270
15687416
24113082
25056717
40629512
33908195
61613825
49967348
9995817
18543442
54851481
32871160
5999248
67949893
1188636
15050361
61421071
35998116
61521186
40965253
8016367
15575408
8440399
3379242
31910538
12824717
56426414
17692970
6620822
55837106
14690728
21865521
5881181
65297704
10812198
58914899
12290312
47922733
3147075
13054503
6901318
43597631
3139272
11905819
15199026
70337467
15688183
52141295
70210317
25059043
16909967
65127652
7362799
72762317
15550907
16860933
10326208
2640918
55622696
7408375
53005180
46470111
67301148
9686723
12777701
24487136
10533315
5298825
24028857
19828949
23289957
10033763
1370541
52182060
15801774
19816630
6121400
12164255
4177511
25050245
14510360
17419993
24744028
69336291
16990036
2973434
60520284
2690832
1116983
2723824
53732593
42553266
23753708
23753911
71897232
12068897
12167494
5630180
19356299
52097861
34042310
48746335
7527782
69788560
36910590
62261306
15688255
15311128
65055328
62256867
9056679
49766041
31152539
65501944
20195328
58200189
20515935
56075240
15893760
1270831
67268273
21361547
12807445
65199376
20943972
65366938
46428397
67679282
9630950
39557639
67873631
9544822
5303597
58985791
7826465
44554851
28912380
55425069
1435187
52097618
24558550
6501268
27196915
9054630
16288509
13051378
66489091
11665976
23153271
8717659
1387382
5298849
19594456
14419998
732775
5246687
12749571
18540536
7338443
49929054
13274100
1658413
65046315
1152430
5984597
9424876
1380407
30471091
52884325
48150762
1108995
18125327
25069053
72915295
25102687
52041987
6181872
20754376
30843571
25056744
61384287
71320447
17259934
37470710
16584223
37831033
5231863
11059483
21004130
4165861
11556190
32621373
2969616
68719949
25781431
16877001
60384705
16187917
51323458
15176664
8438459
39032021
15287906
5351941
42156524
40845301
8963728
1463155
23801559
16941101
9155671
9438665
20500033
62198989
16152986
29419087
38363506
69024696
52098611
12446087
729268
1102633
5970022
18666308
4935997
67382058
9440304
2312147
7934800
23754379
2046320
8342948
12749140
7326522
6755862
36888533
47884725
6181943
40248379
52436106
62551875
18979244
32483391
220160
49233000
9855123
13211497
50250159
62198966
50211026
12986308
12249694
44612756
25110852
44059055
24890714
30872750
2868086
11866646
20768622
48747293
25048389
5432415
11020016
23835938
3027327
12808625
8447992
30559796
19200346
6125612
17607367
67918797
10458782
25049060
30932323
17492420
13547718
13996758
13657983
14455641
552843
17715649
10354208
69319280
37478707
9437950
5786534
7096697
63189376
40965100
12418025
21137674
16182538
55989535
9997198
32777210
40340821
43451438
20164228
71943365
11727648
12265345
15130165
10499969
1790392
18072671
30559857
19836880
45588447
21720750
40346290
23759430
21336253
6508685
61384381
18538813
35203633
39781084
5377468
2905329
2440104
728776
50930153
30448071
61382460
18465265
59022657
37888976
25122137
50085713
69389419
46888091
44404020
40383196
51783478
2677815
41483316
9438292
67884351
16133171
68268164
48155758
33663691
1668078
25099549
25135477
1476720
25048321
1996440
21735556
51118437
5963485
64444511
9504035
660855
59031221
28909855
12813959
2426390
36803775
3527461
75132274
2627325
50676158
8950710
19357904
3100903
13939200
2629333
18296344
2640722
67658770
67658787
15308714
18675484
24187030
12397981
1275236
62581171
54693711
14036018
45301582
9709344
54543049
5564550
1165735
70123713
24109617
14480656
2306421
43666855
8967641
15484216
5079606
22061480
49203188
7643928
17162595
54146060
19539423
4639455
11708592
13992342
19357673
12561500
25101948
6181799
20776343
11099043
60429784
5230051
15496842
71445695
39368284
70445922
65174942
12736982
10499605
31051801
38556898
32615305
71162145
16876701
5283575
5230142
41948077
5230187
21642940
15782547
15768971
15928881
65767769
8217361
21447490
30563823
2214604
3191175
53665326
65777386
2553809
35887317
8914419
15782892
12105510
28912619
19121610
4427098
1135148
50537873
11069864
69543619
8165699
10555728
11489456
48626930
49865832
11340211
19981535
59148552
68431492
15701975
25145008
15688073
72956811
9173704
43519589
10141146
12751867
13153035
13023024
14329276
2144118
38391990
14302205
36288997
4727956
52162168
61465658
1399741
36906955
14903372
3122533
5154661
9055753
67627969
40723226
54039823
14223029
14122528
61710836
8050498
17019426
2384193
34610645
19621294
5974230
52794626
18285472
2869892
47814878
16203119
9687993
10816926
8581126
1468146
69693050
24743870
10388699
24209795
6181890
4061028
65279845
28632696
23837027
2897977
756383
9922685
16504496
1365690
1567930
19607823
7269710
49581548
47798571
61541358
73454622
8125570
43232378
71674356
18552068
44032207
44500803
54068737
43792341
1658695
25067955
11053406
18539269
69051642
19143156
55119852
17470887
6809247
2399661
8053634
9560635
42964556
19614158
2033995
4582995
20232106
51369161
45446916
49232486
59701184
11863315
1422124
24744103
72069263
2584871
24396354
19870419
2458828
5230427
27867782
10402297
1108821
53415435
75592199
67748809
15344202
17141746
42875494
3212306
52326020
30728927
65066654
71478016
67674358
27972402
17015596
49347868
26920287
43205558
25103817
5194990
15687805
72145484
14642947
67612786
58124091
22255539
2299404
2627410
6108681
20168805
10634409
65941237
5893088
9018829
49662574
9299705
20121214
37535153
56932799
10047424
8237888
23605217
20137712
36089394
9681977
2794796
27064229
54306784
849357
66372983
35599343
55382498
29908586
43597837
6348019
21630849
61636271
73008089
17039712
10439793
8487256
74015751
2824588
35491535
19370963
9686833
32592876
42823141
44139898
22317116
6715594
20219502
42001697
8672889
18538953
13804341
1447239
34885276
68950234
16710043
525141
32240071
1911094
16829743
51629787
615769
69323330
14403147
11982018
17701278
24813067
70679554
51551374
52874492
68708084
5570281
61653112
5965770
25045347
58842221
54907982
5643452
25254327
37586696
344393
59229578
20346393
8964356
53685533
74519316
32487504
29692466
75612455
2869960
22535709
23673585
44621085
20811348
56823894
29039485
19031114
60857127
36661536
50041482
32880494
42507734
36094293
39434854
1311500
23033540
15830984
13384674
17141141
615836
2255217
17824778
25697618
12309698
1744248
23715362
13532642
26527182
54779389
53578466
5194738
15813189
32294465
44743538
9491698
42358881
40961402
56270644
32878255
14030969
7601634
51374486
5188968
11927894
6822361
15820406
67679307
44281098
5945919
21582259
35809261
15752781
1646685
1380795
64639469
13825831
16220885
15538551
24241068
13062624
14020094
2775517
11262462
13939071
11189233
10955196
12025013
8889165
1114055
2360803
4309155
17320085
68954766
74136473
10176112
8581263
5503753
16696204
28917364
49513486
53484977
14432622
37539780
4968033
47535476
45224144
46782126
18539029
27972576
72610612
54908115
49662233
43747115
27243732
20775927
6181838
3204223
8911627
4629121
8927038
6097990
66498500
69797363
40695268
15311622
17038971
25223158
25110784
48675695
23686625
20134766
50683952
62199003
33474622
58601528
16237132
51551445
10444156
34198663
33897793
5272863
9849929
15308818
25199766
8576907
73959926
12707039
51349900
9422994
5432598
57367427
36256935
34907194
3072932
9438743
36574743
61440901
10822059
13033111
7803835
69692355
25666282
67873577
25046723
50099626
67129278
10658741
45447135
16539742
6347929
43720667
8784884
61647435
9768457
23760392
52691027
2610441
9645019
55400791
61340190
23019230
5311532
31564889
53784875
13009248
1662998
14485086
60506013
24987223
1737004
16601511
12482810
15484719
13918456
58903955
27985017
27126835
6944500
17693061
6822006
43524296
8098481
32421530
17593945
43523976
6026528
1380772
14415195
28045901
68696062
17057134
7206961
12274705
65072453
60768279
23760844
69474830
44708294
1913403
12509489
67760109
24314931
25072702
25223183
8149766
12275882
8784967
2272435
1462406
24993522
53063828
37504271
4482421
67379174
54143488
69059899
16248981
61702290
1509963
48528940
25255524
26602657
15687351
18539811
43764458
65443225
10657158
17785396
15199820
70505843
17521176
67238614
9650406
46782304
20809269
29369402
62253386
15520711
10771382
58933400
5947031
48558112
48151283
74581430
1053358
17474783
28988384
13033018
1447162
9062627
30643911
40353873
69042499
15326887
17718249
2926599
39752594
15929600
17689966
10500243
56744207
11696634
40723348
40453422
17693144
33609048
36898460
3072924
1129182
56721744
56721754
7597919
62261349
65297176
50045408
9841966
2273668
10698604
37949278
10834724
60112535
15413695
10636916
17608463
10224536
72730191
1059941
36905888
3796256
35009434
8929801
61384329
27711158
73000479
9483925
22345372
17199619
18285873
69240559
13363301
44617164
67744069
2488823
25067877
17320172
7467846
11708865
4424891
7515493
3497944
6278228
25122011
12067508
51187810
37730754
38316502
61874639
62253409
50876424
32557962
9040286
16830317
2919121
11332893
19689388
5672590
25111394
15022510
51618387
48922060
2461077
48870424
779033
2250826
10751374
15650953
49059503
9069648
48712502
68581275
61441923
68486046
58986002
12692044
73886850
57350031
69319638
3254011
29697732
6903036
17693220
19369720
5728451
34477230
37858030
20329218
38134729
38843856
7644019
24115046
23762806
4762663
51382034
44761617
63619465
36889355
11143182
11741627
4260148
69388720
15687593
25137195
27630976
25046645
51551704
60433476
9689031
75580462
8615190
69663502
33105304
15801815
67432649
15687698
59582740
794885
14704742
23851108
15349707
1733356
57293667
15292254
2489640
6041830
18807014
5636476
16131769
19215966
2401131
5377355
8297265
24743961
68423115
48374757
17408145
24721870
13343329
12808823
55198176
43517755
7145806
23020102
2626132
2010948
36253480
18539438
69778748
17694002
8581355
9054410
1386195
34038012
17607101
34389613
50076451
34043695
13333500
58755688
33197712
14471245
36538972
18707391
13034896
34421904
8376983
46782561
50493184
25200132
4572362
63129754
21414179
15035194
7559804
21873041
44763159
3740926
37479771
5647473
56793508
53714769
69658599
15298699
58512126
17597341
60182275
12087800
69916868
15170651
54297613
5627456
8784853
44212637
5492397
53533896
15687665
47333067
21413675
52629527
51804168
60873608
34288889
52796852
65434954
14583758
17254129
58436626
1421152
48847825
17604842
4120110
21596923
68433694
1666377
4930804
35601765
66184546
69341036
1053352
42638754
31162944
12777495
38248268
42161412
5166850
15688288
74972419
3147600
23638174
42054216
18409319
74634025
5166694
43691297
1658407
67967355
45185595
25071152
1444013
53598230
5106955
9831284
50661083
32714274
15418222
40965067
8892101
51320125
17110998
18551618
21505323
12629465
17910862
63363441
62261385
11054634
2357358
23939414
56215855
37879702
25047354
1668380
7148305
7159818
1646615
43451657
73202873
54772714
48529002
74043963
5642902
51670465
66703479
9712066
42267253
10550006
51327184
2660226
15133298
7127927
8579518
9769416
69084226
48679927
15325444
13730370
25188835
25203995
16881750
20809213
17599124
67381483
8789985
53963253
8856215
9831197
12616152
12676056
10104789
50114794
23763203
15687917
15311882
37469026
30101144
5598648
3317878
43227073
10833411
12316596
73879868
32420608
61390191
1127788
34959100
68260685
62253362
19692341
34227184
38050623
21960172
1779043
36669461
10813031
67645823
31162998
16775157
12182475
20473967
69869557
65317877
46522590
3964678
7043630
69482244
12777423
15012815
24512073
17568361
43941597
6082134
43516085
25288308
24805852
15701850
12495896
70487392
23767462
25048696
13136500
11677006
28910013
58985692
72090912
54314480
40393534
1668021
8933798
65433412
20172505
9933180
51696038
19254454
16622094
5933689
54354231
9423974
1380783
20120746
1668050
6565490
61260062
65433237
1388859
62253286
7000471
7145492
53287809
8902327
37681578
48050605
37033176
73008562
15701997
8861486
24448549
44031569
18791329
42352304
53048237
28203880
5311587
9085113
5418622
72610517
5716615
5625136
52717623
35748655
68544890
17248046
25203284
54354429
69540910
8926019
12181369
24620370
19546769
37640798
1666349
69394719
48711857
36881217
73493760
60666022
37026416
43573414
36224749
68876909
45420869
56633858
8837535
62419574
69894557
27504755
11152627
57279076
75617609
70068765
61485607
195258
6733010
5107377
16339518
58539123
65541775
2010789
55271015
8238986
59804510
61441111
3379145
73886584
33818654
50263742
2395723
11666617
58069895
1343107
11750850
6180284
46970045
15783187
6182053
13758926
54326281
34779824
30128954
64259208
27830745
24910987
44261891
18806833
9139066
11522947
44171245
72026462
46775200
58014999
65305004
32696158
3319438
52192936
32391147
50173120
8849690
25931287
28376581
11853397
17952177
51930274
6181955
4852464
2625875
53069186
1387298
20983616
6988521
15362133
20837394
23767786
55081734
18018472
5301992
75146120
11156411
66703578
11943475
23686850
13510650
25177499
6181728
19019615
20941158
2150841
19360155
75002255
10809541
34671425
25212480
1666271
33447294
75164841
17410123
6324364
15382212
18769226
62198939
31163024
1096816
44263892
11115883
29785127
11393535
44821960
27968713
5230576
40480823
11585714
15782710
38770393
62253456
3027211
44763267
23564006
14471053
51975769
69281674
19829344
63482576
24125549
2677648
1500319
22016247
69338556
6181861
50231702
14276314
5212165
20134548
14859618
13153610
62586127
69789181
21326230
46452819
70859069
32188949
32593681
20771714
426859
23396414
65496065
17116677
18301088
1380799
754165
11673586
37887194
74584280
11797879
70471875
3497852
66827009
7982359
36481787
7217381
16192582
12247002
20479904
18900923
37399450
13954033
4878154
16406996
15701657
59449845
7408339
70210243
62945418
70836278
55700424
17603779
19054876
15398814
14019912
14576496
58494002
21044446
4216491
2052733
5573541
22477156
11648639
48860205
13960393
1167782
12268120
48065575
2384097
65586347
15537141
72751962
11547711
24912729
7408146
22958992
12548213
20997203
8435422
37540559
1962639
69647160
18376362
46599697
66279485
67633626
3528223
16729728
15413482
62253250
37731327
5972489
69815635
39557493
35599438
6966714
5991789
16338440
731090
67319122
1001789
16909583
12496793
17008560
1234112
23768054
51366918
2322845
34995688
69825334
34615254
1384924
65344023
27984084
19355084
10254861
9030881
52725445
6594919
36889001
31298429
9708022
2627521
47535423
12550175
28780752
12782478
9068980
15413861
19369979
60491238
8295938
55272605
28064869
17660799
3483095
54966426
13996696
66123850
20666522
25677134
5219553
4437324
40088542
42297008
73179830
11772253
23467434
47375961
10814043
6531750
14806425
10599025
73965569
17670757
5169933
17670838
28028159
11124592
50371043
7555417
17337560
17987148
6778915
13076614
52228431
1990027
38937391
691935
16262185
5139374
11999802
327835
53890585
57018446
24005688
8857630
68570489
71578793
2769066
18791797
8837504
20495627
25048260
19786846
2530232
23749624
43822432
17911311
9069103
5626444
15687387
26001941
23772224
2530210
18538901
32421684
5963372
44031877
2807412
51375747
5626656
43822554
14918660
52182879
48581196
19495116
67873629
52199067
2628922
68448418
49371526
37965060
31030866
71456699
42716655
50093996
25952266
25071764
2529338
25048521
7149707
5734201
54095783
40279331
74903266
69894418
1946149
17912936
14613564
67359337
75454105
17382273
16374535
19128303
17382476
25069720
56711061
1486339
16085456
7200421
4823809
24396544
1687116
32939332
42507570
11911591
5745279
42921985
17600591
14066859
7209609
1898449
17276936
9504305
63256502
67099039
5626874
63052560
1667724
63220996
50081624
52123666
39020924
67565657
65055655
18539567
8855682
28147050
28114937
5377158
1984328
5547850
30313998
20151705
25056780
18583415
16687896
15326144
53517042
38481606
54362328
25913149
26315939
55833459
25145032
1406839
60857264
62964443
12913440
15243107
36699184
55087749
44554716
38842427
54773033
31585317
1962771
62526113
61634612
11099265
13969828
54368866
5968391
5963732
3495386
17559726
15552473
15756552
11224966
6928100
61320999
1380823
17766241
3766229
7822994
15784674
17912496
70936382
51844998
15718695
12149857
31921830
12234375
6949483
1658727
17599396
61702004
36916362
40215296
19992953
48768290
27336582
65606468
15702020
18602368
68485658
19423878
2192489
9542488
9590269
67432983
12509333
2017009
23108448
51745381
25099943
14805048
25101505
5497540
10514287
17594261
28290659
19981319
47032368
56099420
47678915
29383983
70518627
50541387
17261036
23497596
55201644
15930272
7491987
15916806
3015630
11186410
22305655
23419533
20994782
36859514
9190763
40870693
9624801
68990706
32793094
3304564
1388604
13475068
6976448
61382472
71477882
24262989
4298409
5626959
32261876
5298163
45331854
44255339
3898652
511809
2865115
53912289
15367367
5259690
71258604
1667647
6043617
4623771
15424329
6340652
69511671
23905880
25187411
10853126
56416957
2152441
1920147
5167105
2801447
68483229
60752374
53601976
21960633
33283959
48648650
65314554
13311304
40146278
19494975
9652007
70479266
14415351
58199294
55738832
71378315
25859881
38432191
15219997
2678255
69003650
28725475
10121224
1748529
54003367
15550856
55325583
2839564
12517804
5778026
42542809
45468232
14541866
10813355
13285562
1646576
6243383
16185666
20545980
58346055
68431328
74786574
8544139
51512661
16198541
14523535
10513615
53595966
26761259
25046876
63312082
9441082
68485433
48050473
17594322
5304389
13035778
15652743
58059144
34413055
42138981
17687078
5107439
13579040
2702133
28928830
69569879
6927769
65639332
8252147
16944324
13139369
11189634
30917777
1962746
72352035
9359026
12550052
9630806
29587132
20148574
58185362
46283649
31163650
35023389
25137155
46453737
33907417
2596720
4229799
11796843
58639845
32483425
6918148
12247477
5150247
5431085
764659
16288933
58991635
8784189
615838
5210308
54175958
50176212
4432540
18055729
23772512
10816281
39987346
33590580
38404696
12739954
2651497
17177959
13153402
21444884
39196689
10011110
11116553
54362120
12249826
11453021
20333139
874132
15879511
20499478
774571
34042390
6062534
67457742
45681562
14402877
32250328
60089690
2395713
1805497
37503207
10774894
27594129
7500857
11034045
9842135
9836751
4349028
32755462
35038217
9707597
5301328
36753938
47535359
21700858
30319876
616624
40346349
21144972
7142057
59914743
52665034
41419502
64645053
18949654
3323202
8161888
8881981
17545220
53322631
47032460
8927356
38866195
30859648
49449438
69854079
31226538
19520299
47607194
35298351
46363220
11685732
5476389
10233237
8280595
20151591
25200629
6396074
46537426
24337382
8852382
16221354
5999315
1096895
23773226
61390208
69323122
36795465
31958120
6913251
53492545
5902935
49494883
25177211
10620754
61874626
20808622
65163897
15862241
39175026
15756319
771453
8784241
51226460
4941175
34629150
68595485
11895088
5204274
27268415
61382662
34052780
27196591
23773304
61404566
16040723
68902611
14481700
59148402
69195106
65555785
61702423
45391977
36200331
39503252
22629135
36313945
40591870
1668107
6438661
15537598
8301106
9856128
4611387
70533761
25050149
18301365
18665755
2214620
2180317
48712258
1037468
17604218
11394808
62263247
11371860
6031431
64669929
59574787
18566937
6930528
15133196
25007632
10473388
48675567
9019620
58365561
11609209
56075693
15156971
24805648
3246143
553772
33428664
14276555
17441111
7268699
9503772
23773383
7096962
10931200
63109314
8703405
3134093
16345204
25815182
64655069
34884816
15671964
9424283
1449508
214478
5765489
37257092
11269676
9687594
30581785
27744411
51986589
53847781
5682765
30722933
36884875
52668907
26602517
24186736
51476992
10091270
13030934
34269539
74765971
67569291
20151756
24283277
51841810
25137067
15631716
69652369
42710744
43612027
25145556
15965082
9041253
36115226
51263025
8972161
33074008
7600490
60096367
61759045
67873579
43587018
9990940
751273
10255786
9503483
16277463
10519093
25046996
19540438
15147344
1468209
36881161
15320439
5522226
59647593
15652769
9034872
62265807
40421526
65882741
10868129
23673270
25100703
12351072
31322560
23773726
2191895
47535209
29139972
19996125
12749104
41378079
66912826
733300
3184258
25049136
73008351
2155522
39557426
44489500
25056662
2793773
7961493
7114434
19369546
20072542
22341444
12131421
65173220
573641
53994152
72575297
15096221
34314264
6039875
10893055
5564640
66477823
61384345
10731651
27079736
49202840
36836604
16277577
6027534
32735056
65432348
12712122
11862878
6181783
49968919
48506147
16623249
51041102
7667053
3926661
18901144
37509520
30386022
10297431
6041382
50077210
11692019
36192884
2925256
17179681
9062717
15875806
38906671
20774929
17599469
28064637
17608388
5154934
73322880
15473581
43806532
60130189
25144505
59670253
9558739
2424743
8917218
14347392
11633450
17701055
10983884
49232203
20480113
73687735
17146652
15193877
37745919
34295905
47394734
2189648
25147876
50231724
20813992
15550967
69346534
18666505
31747551
43516055
22831770
18448849
34795102
1794980
9807330
25122191
4694126
14480733
12823748
8419471
6895901
49046947
1226141
33191268
23774129
10636364
42416377
66960709
7064453
22844523
20539528
17306199
67418742
10072942
3073500
17474993
61441006
15652637
3066290
5478552
53297944
74585695
51082494
52735848
61402624
7253320
3147205
20768413
9979981
23774236
10578659
15365656
69315033
5309660
65196928
33293348
8298828
70348272
7047987
69860734
43517663
3002912
23774601
3213494
67673975
9504212
3762397
67873568
15551558
43830652
65725143
3039110
26312661
3742306
10938317
225697
7304541
11679218
37224572
49595980
2497789
62198979
38516918
8771698
25710984
7362503
11863851
36893663
44871057
8880932
43521293
74043412
17599578
5529520
62800764
27744165
20944530
25099983
29245459
31536943
2047330
61394730
20734571
55778123
3497618
17604768
18107097
17912801
15912092
23084010
22973584
1590505
42240280
48558014
36054029
12496628
10911970
10752270
59199898
53534007
3893785
6093275
15687708
6100500
53702732
19541275
11666416
54269231
6688868
53606956
35887235
7213440
6338267
11866028
21780481
38882364
2385554
11983915
9830601
24972240
35889316
10964391
21900529
53982350
14435954
10997865
12238494
32557795
11503512
16137484
6107072
44617533
17701927
16777551
5166796
5195049
5960525
10969775
31463586
524577
44156405
9560867
15864905
49916824
26897285
54324444
5432460
5973834
69645574
2178001
15413533
36077554
65652221
9933300
42711238
16223474
6803697
49202926
11552086
35701328
6039907
67873594
6688379
24748950
8784743
16788259
68894883
1449452
8660330
12823800
1994389
16861335
11926805
13106750
34615073
41806899
63671887
44713890
34001723
41401099
15801239
47823772
5597520
8788331
65426039
14689965
14413734
17209200
2810919
25099238
28870378
65500695
40956160
67745392
56858434
5233103
17607013
69507911
8456020
53635516
37075107
51512685
8881785
23775507
20200244
7740347
67573830
27554719
824773
816790
5368345
67309223
57403855
16661303
11066899
11299426
68768966
40419732
2609277
6950595
24396460
49202891
40419569
38480352
60497625
36925953
14924823
32050786
65679416
44031716
36920462
10541346
11874568
23179961
24197064
34774157
71939878
70123287
58639532
21230277
17595638
17599803
25057405
12662348
50200410
52181671
7233209
14066769
7114920
31169568
41623513
46778907
12963964
9483789
25067685
20157677
12748947
15784818
44029096
66646775
5901324
11820711
16959164
12976105
16309195
51992644
34285635
75587735
26599852
38498657
75589391
31162842
67674108
52255878
14159655
34389278
2528674
25961531
32873614
51134989
36632006
24744315
43597686
10190460
21338244
25601806
21960199
2640817
67204140
6156157
11109719
7003895
8048846
3627015
5960297
71674528
23686788
25691816
55338984
7295770
64568406
17560008
34309658
51591292
51330413
70927648
38050744
5626572
66415182
48735956
10723394
24750473
43577030
65512122
69515840
68529340
67668109
9686632
34836622
16027355
1371507
36906765
5930009
5429047
23655297
6403762
2688449
62253306
2626772
16588
16457613
72389418
8716729
8892453
19594374
16861480
61450976
6248356
7228511
17352861
22833933
2482563
17306988
8337354
21729599
9054262
16089328
23775595
15802046
14001840
14181056
52265
16795369
25100516
32298587
75612680
6043908
43763041
67873580
8936425
16089537
48612094
33599759
65728058
65356227
52181737
14066692
22506227
6394114
47934406
16046031
56074341
3626089
66800148
35895396
37053031
6031327
57648565
8788591
19828895
68769657
14555740
65639376
15291117
15146809
61440956
3218415
18264214
25786113
48314281
57202104
36906723
20474500
50658606
5503671
9067215
53578009
7143635
54354730
21162104
10996395
13756452
1026676
8928676
36045403
2677484
12694640
2772909
59524734
10181412
65372076
69666672
19358206
9072851
28861490
58966225
46452976
11821719
53288091
50036516
9541996
26787624
16050415
16177194
12167910
15233457
5571205
9959497
7960149
12187632
40113903
10802103
25933210
57940729
36732854
33296607
4062081
7934578
9749120
1302425
65714776
61363282
9803857
69092088
1447093
10912151
5259705
41675160
18448592
7601808
63879136
17671210
1462396
67361715
62570170
57019279
57018281
3044214
24207964
19591982
5313620
9101889
7904134
74433831
67172027
24700873
55484509
34359639
51975972
2204898
12784247
13895144
55535918
48254762
25919059
3148869
67370303
6192702
2696118
13120549
70185896
46782211
18699723
4510691
7568256
30140494
15880584
35571486
21152595
59573643
2595317
3985618
36526432
31149948
33197704
1108841
46718641
11796502
16040968
2118193
549482
17594140
2436146
816211
36687596
16081213
11581523
33848243
2836935
67371898
52611937
61382594
5684954
55714480
66575328
23776281
25601915
16007177
10604908
32521864
17599312
22463774
2652337
16454256
2429872
1658720
2553956
47535266
8389366
65046063
9079342
11269361
10898303
11240077
1543567
39890752
9113344
9462703
7549920
17179055
14667641
21096703
50074705
1384866
66606228
31152501
70525084
8763578
54772899
16852854
25046343
31043237
1668494
17566353
72915429
69109408
41925076
9247344
55841235
62040644
62242712
66185206
24315206
24545816
59694209
8031794
1668352
67369340
12726056
65580571
24750557
17597446
71425497
2440175
29967804
44224079
43489858
11733544
2775475
58154837
19369818
8370011
2611690
46247958
17486345
23787250
6706409
53085213
1111788
7542266
29587018
17973757
5932294
33665969
53970207
18664701
20373822
11685591
5716708
54309921
24912674
36957976
16272793
2724795
14361524
16713045
2109356
16595189
16027407
18675517
18510055
61512032
5570683
2295483
11780813
5164043
7314067
7060280
2528861
74873114
6815802
20514122
69444407
25073089
58209688
46974185
13778845
47457982
18230886
5298688
11555119
5377321
2938341
26061392
63201780
24437395
19186711
16862381
5978874
690709
17475264
7525402
5822248
64458340
2146701
4567281
4746675
21760378
5508147
59583392
54097556
489970
23788287
71498641
66936121
72477310
39051198
14042582
1802099
57137869
29992942
4973953
59519920
15220353
66509264
1134035
16192246
16260668
12610601
18301184
2008759
52361435
8718322
25046462
11581381
7137497
13973601
21239596
9687498
32553876
55915655
12424237
48068168
67423134
9709618
27368514
12694492
2399535
48561308
3738161
11749964
56814407
1384932
5804674
35617643
10160393
73992116
50297679
34306516
32901871
37929327
25253642
36765618
63050229
1384935
6455780
5718124
17123738
3255199
8902696
68765026
13489319
16777021
13939461
54736248
51281584
37580502
59565890
7288405
64749809
44256827
59701007
68825720
1666260
71482054
26523150
58924554
55409217
1663052
58002424
1325264
20511064
49155394
8745817
33971533
68483686
53910657
19215694
10892873
15308763
70762118
5503461
52514536
60584356
40160171
48528222
4102590
17504040
32878480
65524251
21174587
20866060
19688033
57027280
9067455
5728292
18578969
20776432
50644184
34306197
45220202
15292426
13019783
9901919
7169987
25050392
44936089
4401249
35429718
69845604
5277667
10559092
57665353
20639860
59185981
615841
46428529
74086000
774850
25072906
11585338
69319496
28403581
12167760
40093849
2626818
1555267
17656203
58129156
24750341
67726033
40207245
46692786
13246044
9559152
57338494
15250539
58201167
10812605
67873586
11411461
43457783
2807460
8581383
40215022
26297856
13391908
28148370
17080082
65427941
16018903
15263681
45586966
7863214
2006786
15687316
5816103
40215367
32829889
5503591
45459096
33711524
73920917
40893788
6112960
63044321
3906336
65154653
10578126
15474049
73779059
63054242
24744261
42728138
2538899
20776168
23592541
36226683
71756075
70510227
46299772
36253729
6866724
19537522
12830817
44031351
9021772
65893454
5626319
18159701
67368912
33151816
67626596
49250568
17724004
1141538
58128523
43581019
25072472
37414078
24937512
7859032
18634175
25191665
14221996
17723952
20323057
9440443
70017419
18786765
35710335
65162779
44227728
17639019
6231165
15424582
615839
22977221
615844
14127954
5446182
42156322
6710463
17563696
16372763
17951691
6117206
17634486
65154839
65364817
69266803
65674976
27735481
64001926
17142370
41027849
25047089
8926934
64675708
28206480
18545512
25200052
16538275
8788162
9745788
18310566
19216063
7663480
17199096
50144708
39067104
62748187
54601719
67497198
11240525
17660908
34318808
51500013
9811312
32654404
25144624
34925803
5635707
65639297
36614981
12417142
12119658
1449529
49232348
9574684
10233462
19540293
6026473
11905904
65263825
6878
23868486
3860806
62253332
62186949
9067628
9935453
56113742
6394642
44763247
9542978
6724090
5651409
2243810
71445922
13413680
70122784
15213972
2724548
14415417
17420642
37493472
15342111
20157493
72040060
65272504
2604896
2214690
20775816
3568708
66546331
61384355
12561717
5822970
1031516
34891176
15537947
33279583
69481733
29503123
36425753
16751440
7676738
63067231
9573169
44871490
73508482
8754418
5968151
20864318
5418025
2214875
40096091
6711612
8788214
55119556
14701209
12960635
32503747
9054330
11609418
30983737
12421334
14419835
11684670
36886469
28226894
12823771
7393204
18166588
18665959
34511596
16963382
62510166
26265857
44696422
229730
615887
2222254
20134324
3771786
7003542
32175463
37403920
36487766
6627174
6181814
38749319
65366824
8339034
61633762
67073582
5286925
5432362
10927679
5326523
30188300
5376680
12417014
16436618
24315498
29152592
354084
26310903
14288355
9573394
9035063
11684337
36794879
18002897
10189546
11780683
12778732
6886468
44613912
5032844
43523620
149365
31152578
59914818
54964541
11648916
21573067
33899277
53308499
66124338
41308893
12807390
42541859
10728813
51227062
67639307
40567809
5717937
21934959
15719655
26602764
616629
54457063
12411271
50658227
14455750
16547603
8579334
15325602
8385781
10964608
24148454
17019912
968330
4910157
16640362
8933634
10016225
11134098
43674042
10678321
17206620
69336069
756388
12778589
1339265
66345833
20401443
27399029
1386277
1460156
9807535
28729017
18310643
7808991
52748696
5823946
5824092
9666783
6221103
8084912
19408233
66749486
3412036
18900800
2839275
18448619
40260825
8788115
8685056
62266840
37574562
1379267
1658421
12377407
11326986
33593990
44359818
12676294
5133074
24565403
6097393
69575231
2529197
34306413
18299669
20927773
23417492
36882391
19329825
31487529
1209472
52017129
15687738
59340365
48384043
14588777
9034541
2458636
25190322
25177041
6096121
2672338
61901982
70797086
60856268
44705235
1668442
15146956
65306579
21010976
54306417
31921229
16806820
60627093
59333388
15095938
70324875
5277191
66115184
47665400
16861258
17799321
47921705
61379453
69507788
34880659
11003101
20153343
8911725
58982934
66637761
17135820
7045849
8662892
5561529
22463675
2627348
60799153
1789056
52178821
38711975
60077419
53776443
41886983
2735971
57819998
1466702
44026161
11017314
12411381
17509856
6982309
65042670
25548035
5522241
14222267
55595909
7299085
1658359
15098061
77880
6460606
11604609
15308462
16620372
15098218
17034735
16438353
17997634
16766210
56724532
2626837
28456078
25158901
50947532
68424918
32939805
34839107
6358437
40296662
69702548
16940739
16892448
10779191
18582302
