23918527
58325929
35955391
54615043
73906777
6153633
33171289
3893952
1216336
3894291
50514830
4839494
4298438
5232021
44744187
1684007
8386748
88261
46332179
49502768
13032398
56269409
2604793
68377034
15179510
28132974
3159724
28066934
24548373
1585935
4295976
3145335
2868757
7612680
4969489
58269010
3406259
64204841
10034296
51373468
4524477
63254070
9711459
52733794
51379893
4746050
6828318
56884579
47976689
43973315
42210630
48245714
38030731
10832717
3482556
25470939
40531144
2935301
3638436
21719255
22836788
10997985
63431735
21160092
3657809
4585368
52095403
4268253
1925347
1302140
40808092
4918823
29477581
16589014
729255
4876649
12116101
1924626
6550659
12188975
8296162
954394
4727819
7864129
38658546
8770969
15297442
36723673
3075367
16327652
47758865
1302075
2361128
44617734
2312338
26274975
4181176
1009205
10919134
4187167
52268216
58930059
27872150
2692299
9993504
53341944
43791949
24750653
38795633
28395195
40215173
11665000
5719438
4676077
68427926
31782852
1465829
73907110
2677677
6689552
1348640
19442298
53010675
51286838
15404545
44351122
43491260
58024366
1467134
4342655
4288926
66334715
29151731
3025354
995334
2839668
2918991
740855
1089164
44592032
30017866
6181746
5043922
3118331
16918742
5730869
1882358
1053227
713839
8460151
47222665
1520826
4226980
9484803
61883509
65993502
15807686
2113803
21688080
59100632
4556538
10971621
4644073
2500538
1238476
61621082
3909513
38824020
13382355
52010513
15620477
12551215
41809630
3907669
2155786
4154678
7937821
31016401
11395170
5218256
45018574
4178379
13436010
1431133
3719729
5038544
65324182
1241592
2384127
1433281
11505935
3181524
51382043
23167046
1041521
20571110
68766506
5542665
4249924
8794030
1151011
13969427
1666293
32923222
18693518
2629222
38803982
4814781
25810070
24730391
16567528
9268317
47744047
24005686
69483816
12416277
25461352
18159852
26812674
15931699
13009262
34876023
3295235
3567745
2167451
4248883
1265241
3241238
47473113
45620758
25081571
59031132
5772024
1234159
2294831
4327970
3943522
47665081
44318305
2361589
1041470
71439132
15722446
2898275
40419778
75293518
3925441
24817997
5920624
2322909
3492946
46285318
27419579
4050107
5245920
71485247
5479527
4140827
1083582
501452
71586617
54779388
60360233
22946302
8394247
8179770
24870785
5760524
5598928
55626226
5803447
20749153
6756017
2129433
4722403
55658048
7132753
1111715
7578453
32756294
2616240
15517194
928323
4940103
2392931
19553457
3938628
4852436
52509311
603942
1406668
7900889
16936757
557040
2173181
43808675
6025078
2327313
3240639
3662286
36413670
1342036
1320902
3883414
51696
17168008
1799800
25375258
2855038
2139549
6697791
20465392
7350029
789544
4178424
64799597
2528541
15652619
25979862
3318031
64787385
4335519
34577002
1421688
43622077
18884836
65075310
4131860
929708
2139509
567909
2663710
766723
18505278
28344346
18551845
51420413
6841820
69132451
44160600
6309136
4625143
8618
16738110
2834157
40840051
45275583
15517331
15517381
6788645
8702834
3134752
3488411
7226066
41779687
60606596
575600
51262107
40636256
2715728
1235069
1658291
616609
4309871
1627239
63134593
2855699
15701908
3168167
1877939
3051931
5283904
1222229
14244093
17168248
1335935
22956889
11067986
40720606
62847028
43580944
2144277
636287
41433314
47103780
19562448
43973295
33515864
1356794
33514697
25024969
1440545
10226047
7470546
2744227
1771914
47213965
990613
22533766
32229039
45497
2161647
43521598
954393
33414443
2226421
7966091
49394297
5659015
5804191
17001316
43527488
1323592
6779947
6336359
29321441
17443825
5032689
61485478
3558661
40391875
3232875
71589999
15516889
1971189
58265998
7094729
59186580
67359640
31562477
32658826
6701705
4422831
15298799
42593107
15036581
8734374
3312940
1141577
18192043
3629097
5783305
49395645
2918890
1882040
16887213
5678719
1805438
40973671
12839053
1771308
1402521
16587308
13831219
4057178
2413555
1129727
6754402
14531758
9980124
12735726
6867713
2825505
20613200
8243662
9110829
1771887
10931649
3492682
11226261
1053446
3696476
1907035
38238735
12174108
6050453
69700341
2194769
1004027
13831353
8989561
12552807
5205326
10040419
47865363
3109995
24527795
58189671
1882023
1440550
1451945
2420351
18480311
5142385
31587341
14298208
46503303
4904444
15652814
1054897
16775686
18823032
9559732
4369759
10221618
8248556
2163719
24370978
6602082
1816502
15298837
48488882
1919475
16622864
11577545
1907593
174663
3538504
1420197
59618902
5116937
44428487
4234928
2320366
1978830
737447
878134
17168485
51404254
8906603
5828054
22337628
11119924
8679438
1683327
15516987
25659235
1814511
8689021
11127076
17168747
15722135
2293851
1311419
67804380
1084490
13476794
8346782
5772278
32650899
3081682
1684246
13675926
11212301
2575478
5819059
47853336
62200347
5894548
2395745
15534341
5717069
42762442
1234641
16787958
1793728
13754767
53070960
4255473
55634171
15945536
6310527
1235164
1238516
11209656
2199582
13573413
4735022
5392083
15697887
1989058
4769171
55989744
63318151
1610526
4144853
1466668
4751124
5453197
72974165
51923340
5369412
1253788
39301329
53801863
4830543
6556172
2506698
15299497
15299373
13264011
7182549
914771
15516833
40843231
41612629
2760895
610021
24814988
12267087
2590899
69704264
51257567
35016563
51503778
1675514
1055126
17923784
44612006
71554181
53229108
11449688
2604719
10795917
2037657
8852035
71279543
1013941
43942408
41554786
2803163
25435009
10235072
6871595
3465146
1227923
69213678
1123490
4647909
1151093
33020905
2383472
11507565
3662285
512698
1814572
6213673
20543958
21122243
48462903
4548416
2927379
36694233
11247157
2926415
8867198
1026782
15473770
30790325
12317169
3127240
12109306
6413033
3526090
37075540
2798180
1679232
8922703
65162701
2504330
24109813
26991971
4534352
2505553
1253729
43649075
43538300
46519908
59601061
1692005
2181108
1668423
6913309
41376002
2385461
3929161
16407953
816514
39435416
32970190
4761542
36798186
7562440
62559515
3533020
3086281
31993542
1965348
753184
6746032
56676795
2145878
32555065
3666288
28133030
36630362
1510055
3616485
72049220
47795322
199933
56378548
17723827
5142046
6900611
4268501
1545339
8953275
42556153
5032135
54829318
2859056
6164332
2504257
1012020
2461597
15683270
31843023
41293265
7748375
1342372
30758650
17088819
35368099
2397004
1462373
1404044
6694617
10871250
65407676
772719
70824139
2429090
28065241
49686894
6124398
3379954
9330447
3541314
43822139
4886248
5256983
16406280
10112023
3638545
23917449
36702500
9254811
9017212
7543160
42864437
2601631
1031818
28211648
44810106
26030109
2851662
19476171
1807120
3385354
1446166
9291961
37053880
57467048
4080082
2618810
6944121
36863053
4231879
7657434
2739710
2139618
10924536
2162928
15534391
70932639
2333040
7044971
72760447
21182987
69083478
7161687
2079077
22705009
48388682
2403285
5278945
66530542
62361668
30072249
47852703
5356906
59581594
838783
49747864
15099721
2851711
44238741
28324431
7728535
3475760
41498168
67711205
9712060
1001843
1172503
4334127
36753705
6511599
9069284
17752268
1326622
2228424
3728745
71562946
24165342
31482904
1053420
50020738
13469339
6671755
2383887
4922901
10553899
4793347
1437387
28370347
25044730
12779173
8628713
1339899
3658466
3073060
21121845
1024817
1340974
24193143
6330386
19833739
37579767
25110068
12555693
1945323
8215772
24042419
556903
751310
1402672
559673
33155036
416890
45707312
23469028
15299239
2068202
7737628
12885915
1253831
2175619
1082043
60455572
17105956
12807298
1245045
1026898
68046437
1971102
46795750
55428537
49943503
2453685
3051948
5230728
437300
24034628
43515271
5392441
21754535
6182723
4640880
2183891
6498415
18363927
6146545
19446549
67215196
4467639
6164656
7759007
6818192
35413066
40314261
5678459
3568792
5589962
10157131
36702660
670891
6482492
3851778
1863702
17088893
4664417
2194459
44847847
6316599
9971888
30657971
2627441
18942673
15517397
58591009
7436638
2695239
9204401
4776404
4056952
4828548
3174079
6185129
3945611
5622949
6770366
73906645
2377563
6716306
6278894
8165848
3548375
346840
11736815
21149782
65332518
3994379
3021685
4320169
3165811
9250363
2196868
4106963
10378809
1053455
1001231
7349580
12275380
1771982
1322817
22993255
54962756
1411967
10479907
11553154
47448888
25755883
5694483
18891822
10423101
61884129
3145308
57435678
25931840
1331171
4721325
1060927
4033142
1089192
4859129
54109702
1293579
1186451
3100581
5649084
1686233
38750293
880064
43684180
1317736
15737098
2189984
47493652
68526479
1830940
3927802
3400730
29359220
4561587
53041449
60553304
19969086
55998877
3521904
12752269
6275258
4266427
65259442
29042515
49242746
14731417
75234265
5650988
53374478
17814934
7726023
17637354
8147488
31713246
8068585
55297338
2779336
9262402
41547859
252130
5087065
25837101
2765739
36823772
3353783
12975279
1432785
2777280
10392633
1944351
50211452
5562149
24812521
52930246
2361089
59469681
15516839
2055878
2463694
1321146
1708788
7378634
18891690
5589199
23928080
2045305
3805623
3589034
2935331
19570009
3538161
12812218
20505188
1091606
2774168
5859033
14499007
2626733
711941
31733942
13291949
1319785
8453232
4582202
10453298
2575626
4657900
5590614
1315593
65409225
20786002
58080112
18865094
2417668
11098110
7439047
41232670
54762629
3800694
5066315
2429811
10996600
1007499
43565572
40106053
5249831
51152219
35623176
41475340
4298777
4625305
57765829
413244
615832
31104462
3255650
62926627
724986
8918937
1554284
4561922
12631431
1151369
55527573
3708613
57128245
41925655
51361880
7438370
30012236
62176258
73541495
58512588
12304570
19716267
58585784
1141494
3630528
2340294
2530367
48550453
2518522
15215299
3946629
6040972
51705660
54377392
5105670
2187637
4613925
16887441
1370416
3110103
41966638
30544818
6021342
7975321
28235078
35611957
9186229
12868657
1769579
24712194
5277430
48675674
1053469
582420
16160780
50200882
2158048
2863273
1645232
1258483
55468558
3578438
25584289
1423144
1028629
1346723
69916271
6809806
68815249
17001389
5033577
17047114
1700602
47624844
2259260
30368600
8869997
59155375
4939987
11021953
54028601
1796129
16593156
1906435
4444488
6632151
7816084
75177949
4768922
566103
21422042
4961567
2183670
12035402
7998183
3729412
39557542
58014941
59053533
30446118
1370294
16016859
12117794
44677908
893041
54769749
1235043
2782003
73855698
3663142
15534428
5247105
62193279
5004918
3266162
22356769
63254126
64909465
5839063
51593885
7819452
13574343
22946903
35489196
1031793
1687281
6812785
3482690
556915
28429132
14298354
8250173
36511674
236141
5702242
940013
4151733
1132105
25281953
1451878
59551965
5675402
5779307
3926645
36882389
3373736
3615275
27907521
1335757
56216041
1859914
61064921
21960791
4058979
36798241
3138443
17088971
4745500
1364406
3638384
6273409
6926377
4733502
5920053
1491853
6837729
2834963
1102279
24877778
3787961
1529907
15517213
70022903
1367118
24883670
21147396
20475216
42928625
6113848
5341327
3749960
2037762
51326921
68423266
1261838
8891147
3168862
5010870
4985253
4074207
55488195
3974286
55535269
4773754
68783921
34308518
1860137
31491660
51685146
63069238
1155358
5362529
32594102
67638718
3134319
54100256
7815735
5156643
2361554
4306597
58578041
3028524
3874677
2272948
1136239
1238491
6027056
3945345
17089076
7428548
15230998
2855510
19885250
36589771
7210832
7975569
2580983
34727458
5434427
2993545
27987171
2672198
564225
24034757
9209968
63313248
1344037
33852979
40332405
17688408
958655
6738478
25839737
2920949
15233701
32969710
15312175
2360567
68432062
53527028
42576719
22107811
2384041
1303679
4003855
8835737
3475652
4081592
10357247
13929466
10354516
4358321
788221
6340083
3646542
16969630
52923407
4603012
36755076
20581906
957684
15214616
5393782
1241563
5194761
53738508
6221652
6076659
19257949
7165730
59520066
7698038
11256777
29460657
51404837
17023418
6538196
3501484
3830902
9029310
61605140
5311613
24043772
2759817
3409419
9595607
11040557
4941100
13004730
6161289
33624546
51665479
7245785
24802055
2825776
7217509
2643098
14975812
2348573
526001
178967
842726
5155877
848405
68556540
61436861
23123471
37898553
47665466
2795210
53510961
11288672
2157885
52334147
65737018
21244251
5385372
14018256
1642224
772901
3250276
9805687
5680148
7078986
10770750
50549393
1257451
10646594
2219607
5529117
16302541
1141423
32445431
56570365
36459471
3011678
67743366
8389387
2642675
1280224
31468929
13608523
6708673
2161381
50580969
1105657
5278717
15298724
49043285
3655621
767725
2436225
1360625
2176553
541883
2733160
1834524
15298665
55662294
33437910
253764
66814615
60808891
2322276
7636620
11027945
11720234
6902174
6185542
52772244
4707140
2970314
4197452
7517865
32853756
842379
18649385
47937588
1708840
7459910
25457195
74484400
58145979
1145346
19734192
3257801
9650624
1491762
2293356
17046630
17066037
55719100
49588990
46617138
33284304
346075
8301689
3739708
1183472
1096982
53980130
69452962
6239037
1543864
5352498
171723
1257226
61622745
5018254
22930401
74413990
29720768
36953207
32866321
4012638
1791708
32505830
14207436
15534021
32416289
10692004
45475458
3640696
566471
15184203
27644025
6295942
9410560
4159794
33153511
15753151
7427620
9055542
1091585
3640948
32764060
16737425
34793221
45464905
6340691
670794
24076481
2856762
27224434
3808444
2175578
12961269
53414389
25886452
7837804
61423411
1370335
40998704
1437022
6340258
35832395
17348119
27626672
17878664
4585048
15534526
44788144
33329422
46782036
59426361
4857584
1001441
47903745
6310281
4647492
2770588
3581643
33712654
1123448
27746237
70248902
60092579
5841825
1353575
2474696
413242
5036344
3535098
7254224
15534617
36765506
6780995
1697179
33508060
39557816
23536806
5248442
23089703
17348193
6385546
60300463
5101787
13228820
3266027
2677393
6632409
5168449
1920226
1666479
4413337
547384
13266004
20841512
2645413
43417461
37258327
11210956
50050102
6072905
28789502
7467857
1410234
45299314
17330765
52800908
13336112
9307631
31597277
3086264
6462933
479363
59712882
36773496
3051991
3138445
74259213
7266622
59776047
7167093
1216479
3659833
55557501
29334082
1438258
16953564
16699839
24748284
8311152
610477
5165040
2774508
8086744
10392986
37131000
65669685
548952
3091542
3282382
47563567
3097068
6156792
5061964
1996160
30808318
32801148
1054952
36625611
54088033
4585315
66910877
61023403
43539447
16519872
56246539
9438912
2149029
15050361
47627982
47527713
6026814
8513510
6780002
4373458
17348231
1083631
55996885
2259524
5464474
6280865
66233840
74900283
8439201
27490682
46790497
8372979
5425885
6620822
1017476
3537917
21865521
1862150
5881847
5223563
3255305
6901318
2782429
16969920
1339657
15688183
8000182
6571055
8434251
12480418
43994553
4290508
5134996
1817804
10326208
58558393
848409
23943440
7460953
2425377
40685637
1145392
1360561
8018216
3165954
46470111
40522842
1055151
4704392
1433225
15299295
2067787
16936891
60157782
51000124
65909489
2829775
45605525
10971489
7454087
2571957
12777701
1353731
1125765
8126353
8955320
1370541
40278910
663785
3081337
16623551
12793214
735262
12164255
22672221
13039464
1983391
39513126
1449035
19677944
1116983
2453728
3141109
17530360
13032403
16822202
42553266
7756909
61882672
52097861
13807175
1486089
31152539
20195328
27462548
46428397
58985791
9111253
1435187
58684
26641696
54244211
5275919
16135942
3949227
6412685
6927345
1644627
66489091
4294687
8150466
1465655
62235661
71188337
1387382
15329039
2935994
54333646
732775
2168968
66268430
43659046
1152430
2508269
2103234
416892
30471091
3539636
1570109
9035131
69704983
3740511
5946591
8827576
33076133
3021953
36561068
15346025
3239488
13434738
8854783
28521016
549492
7365555
53814723
5577173
4112069
2574382
1054907
7884428
17187346
2323068
27294375
10454588
2384151
1810226
751288
862359
5965835
3836992
7152768
3958872
1121254
7348551
54865462
1683906
32852294
25679508
71585932
15534029
49101143
54099376
2521661
3489770
15534668
1062932
8163759
555681
1463155
38494734
37839182
52003986
15298580
2444049
40629802
4255540
16152986
9467646
16615072
29419087
1828812
9806738
6521427
1529937
65911701
31785610
1591050
36856065
31742030
3142928
1102633
756400
4935997
4285633
27667045
2277242
2568262
1421187
6180602
557033
5116633
52695343
5368189
20027350
31578806
2021896
1321259
840970
17187581
33804642
6345605
26932183
31327118
3295189
11449584
44705241
220160
45670727
15131908
21368437
54509020
13383154
38844150
49257521
8487337
24890714
11548131
44641326
344298
10732851
2515156
60814049
5570339
788409
4177979
6595614
7335197
5382130
3408857
6654431
7207040
15027380
17187820
58884318
8517544
5960758
3208379
5072561
3733975
6451302
16640953
73906384
2760308
51292031
1004502
5033772
1089531
4907392
66477565
1688230
2383757
552843
71586571
2146579
4941891
5222267
12858689
3866243
41349439
4081647
59601513
25164839
2945520
16614958
39100412
65683140
10033615
5352690
47508681
4019080
20562000
45211655
6537989
2540484
55292502
17188078
7481127
2690900
4163066
9557254
15517229
2181157
4490949
15644644
48638710
1973203
16156275
6181760
6945818
1237933
35623108
4626084
1835366
6593645
15534054
2092284
2807278
6217613
5298238
1219053
1170144
32668306
1165424
423732
17046112
5802455
7414954
2201395
7027605
6729394
15483462
19446190
1305596
1959099
2649038
1105606
2314966
56241325
5403165
46286184
66340346
1683777
2779124
16587069
9018350
15516922
1623709
938712
4319674
1790392
9620533
1004446
2676736
33689852
40874308
2377067
16953721
3662280
21196009
3792252
12546457
2027163
4746073
3958938
5390620
5436998
29928732
16936936
35550651
13617836
12710006
70252476
8117828
2867302
1437383
1510621
47325106
6085026
3837008
43516018
670911
3151933
17262374
32700299
17877911
25933814
728776
61080736
18465265
3597672
2607752
18502293
53275725
47253367
6345256
9438292
8215889
1668078
25099549
7235417
6296628
1476720
1332660
28920429
16821845
1996440
3022823
17066154
24715453
6143459
8083963
11507203
2731678
69510272
15534077
17282845
1114589
16737908
50076385
660855
37498362
12813959
2426390
24227160
6631212
58000227
2072716
6358245
48163241
43669223
2288596
1436643
5865913
2977817
10877353
2219822
65616522
5247563
7159223
4330845
2640722
4144218
33755726
1436610
2840639
3168260
54260773
755603
26147732
57778547
43471396
53658426
66436932
18678480
1370430
41758321
24975597
40214276
7891276
766470
1818745
6503332
4839066
1434108
67612870
6387057
2279827
5109955
11272552
6179413
1767762
9070875
29393141
9732426
4152107
1054921
678341
47944642
1467149
3111907
1964622
30563823
2246551
45365611
3596231
27763568
5222716
33596980
1449407
1659985
4178119
34065205
60453906
2553809
7044916
46903611
8250051
5020830
37487863
6046042
2765569
2733234
1352042
1054878
36748433
1031068
3081425
1771831
2661869
1168272
2770218
60092754
10850269
61433600
1339758
3294170
1115761
7239824
1372445
2235705
6633714
19842167
4476802
6497323
2774192
2219798
3721336
11979447
6917520
59407648
4427098
1135148
33035566
3133951
4627305
4176746
1004160
59601577
1529914
2130238
12058685
1130021
4231943
7818915
2862910
24436958
3268954
17105727
15516967
8605217
413257
20840639
3720162
13848894
2295002
37389463
744830
7131903
3204488
15683410
51378994
11961518
35773336
12483269
22739449
1141518
72240028
6044255
36884441
45553677
8015338
10141146
26120560
1399716
1406769
1636571
1238321
4761398
4857455
51237182
5322317
57403478
32832337
2572031
61710836
8050498
34610645
5974230
32445132
17837763
42055154
2175057
24209795
54768055
27967144
11929895
3517305
756383
1567930
49581548
3142642
44032207
54068737
3079601
1001191
43792341
4324778
2001349
73074190
24052349
1530110
30483842
2399661
42964556
511002
2033995
13847270
1868073
779097
6396602
1422124
37821010
2584871
16788163
15143985
27347573
3037905
2607655
5638673
5237341
6180457
56124495
67112633
3212306
28887666
52326020
33533985
625371
413261
34237120
6927387
30728927
9072557
16970392
8117329
1904541
49347868
6616743
43414384
16623722
58244562
895763
10634409
4880129
3589053
2767206
54842937
20608805
2506531
40248583
3723549
5246694
3567921
16986210
7805925
47651670
1777015
4178022
5101651
1666773
70030755
23605217
2621992
2600415
17066252
12917706
8312933
7560678
4161811
325456
9071559
849357
66372983
5974129
5342170
21630849
840329
13182410
2540500
7164362
2540476
1739213
3450067
11944830
1339469
60660393
25754652
1385069
10772816
10647633
7623604
24438556
750206
4957300
6177477
32801397
5315656
1344358
3499990
1789890
21268484
1017615
1115680
1193765
1602795
6031691
59984533
3272062
6526438
33838935
61348034
1447239
5932965
1230797
22744267
525141
30130913
51629787
615769
1053365
32722315
34380071
51860032
23739534
11879432
37586696
70870812
1829321
1500332
54307001
2383918
2645479
19031114
36094293
1311500
51794663
13140597
6811646
7350993
3908700
4569507
12309698
28452930
3387353
18823582
4745932
5678334
29078287
3959462
18326975
4144357
3385403
44531569
35809261
54069024
23336303
1955370
51818840
66344369
12145744
5210351
1467137
2682729
44901878
2851609
16623406
12025013
8903029
20168313
58636859
59720475
2103196
21382072
28917364
1858171
1554192
4968033
2458779
1253715
1418680
18539029
14518619
27243732
38040979
26451999
5229022
31785147
15534713
2477369
1857433
6632765
5272863
9849929
5782694
8576907
24525047
708834
4455277
62691513
31303527
1890456
13435121
28365714
37835680
7438123
71655576
61647435
240952
1327509
34565167
5311532
3258100
3785650
615829
15517025
1261758
16601511
5570182
1320624
68783809
6026528
5248936
7212823
1238586
41248310
3136570
23257001
1335825
39050706
5408575
24314931
8149766
1477015
1462406
406831
9128242
2790474
2822329
1509963
3310667
13181986
10622210
10245345
5946813
38247980
708900
4969394
3963314
1683420
42394078
48558112
15957506
1053358
837911
1301899
29152611
5603411
28988384
47922447
72220567
39752594
40723348
2420223
1295901
29739394
7816135
1336743
47516223
3429167
67098274
51522255
60301444
7072586
56121835
3183019
4773103
17348268
71516294
33528638
717485
2488818
24894811
3497944
5018360
12347977
5303567
8869909
1291746
11591233
36443638
2640795
4943998
19689388
37567406
2615538
16586077
10088398
3302378
2443783
539123
3958821
9471769
16039189
5602413
15299131
68407690
484172
39134607
6049880
9069648
48712502
37178159
4828457
38779662
58986002
44664882
12326878
41810667
2384018
3966721
29319259
3958892
61470687
53016129
48501213
21660332
9088893
27630976
2360537
59582740
914553
1083556
14704742
32508954
11321600
36825016
30368660
51461833
21534416
40956039
15186080
1010850
2489640
2921123
4336603
2401131
32970274
52891832
22965242
48374757
1903908
45037581
55198176
5603689
28293012
16821916
2574107
38617340
1327568
2489534
2837856
2010948
47720283
49049943
1664089
31794788
8171402
1386195
61883519
1349437
2847676
55785510
9143075
2394516
7133536
11487598
22290370
1957705
2383962
2294622
5718176
9486245
7559804
43552949
8234056
7152701
12071408
58991727
53714769
2093647
31481486
2582924
5032070
17205543
41586458
5492397
3330554
15687665
72020953
44653022
51804168
7093941
1421152
4120110
1666377
4930804
55985028
1053352
1082087
22928129
2362244
3147600
12995996
6336304
1425014
5106955
39255151
34758489
18551618
21505323
54959250
12629465
731105
3518870
2357358
6933143
37879702
14658265
66703479
42267253
4957402
8249642
40462849
16700034
38981911
5309598
3946946
35966589
5598939
4865766
13018176
10568779
9525082
31987362
16775032
3317878
2790675
68260685
17205618
5435875
1002930
1238087
5404651
1585877
9541729
3272628
7474083
10009079
38050623
1971161
6975802
7323068
3708256
64323225
2812277
1795087
16775157
4556331
24420782
59851710
35727432
56584892
3964678
28435452
12615813
1397496
7054072
1362836
15701850
1186363
47699429
5530130
9470706
52748478
13752544
20434298
58985692
16954017
40393534
7999675
11578357
2050441
51696038
8180910
20120746
24998899
67091724
1352103
15299179
23993210
10329070
47695419
16822287
37033176
13072407
28109229
56203234
5418622
40380717
1796193
1444119
2733040
10926717
17248046
16620422
36613495
37026416
45420869
2782224
56633858
8837535
11152627
34014025
12933163
1586620
15299354
2119125
13438028
68784518
1929564
69495170
4374932
2240281
1007534
40341061
4250002
2897396
1274303
5324833
3237087
58874782
15534465
21580637
1343395
8033212
44849858
2988020
7213191
1250347
1272105
26248052
16568361
5032277
74385864
2607658
1828233
17298863
7438426
6262131
17308220
2295622
28836569
1357850
17299101
767781
1586230
17001578
2155777
37434748
18880958
6280558
4285848
11377401
1849304
13289992
6845484
8113936
1438647
3836965
5231899
16593643
3744231
12895279
4442576
50547135
54092872
1854059
1055181
8950362
68784776
7028815
31018418
15534746
5796478
17037712
17191980
39683719
2770850
22956970
1412864
5502186
2219691
43963045
3730558
2240411
57435123
5117704
41950830
1529951
4017534
53920338
2714712
7504955
17205717
5107377
11535001
29717443
1054461
4797638
4762704
3379145
64423048
1343107
740820
1264368
8500612
3638336
2463658
24110539
13608940
1517334
3548075
32696158
3319438
52192936
28376581
64763520
1387298
8182267
55287705
12436340
43638437
1014113
2115686
41461277
40601592
58248792
1666271
2139268
38582210
18502351
1096816
40480823
9123379
19104222
16335191
15298527
70797705
1500319
61879161
21021360
17237374
1877214
5012375
73831668
9308690
32994566
11161350
2246487
2826837
2240460
6300514
1004429
11945165
2361110
15517269
24336557
1816574
6599626
7212527
4062006
161459
1290855
6540276
13752933
6887522
48926354
37887194
5819041
10493595
39298148
4676923
30952438
3497852
39428624
54099361
16985979
64460438
62235364
12247002
36861756
30775211
11290337
57178110
15701657
3064199
13667066
1404094
539909
2052733
7144315
55310867
6417643
5562328
5012435
15931498
1468635
15885164
4144053
53980099
28346701
17222303
2888202
7211100
783312
2739724
1050322
10177912
40171028
32658778
1323823
7518647
28249273
1323726
29343319
1443946
68557224
1530092
17237139
6389652
28326546
38276520
40671978
1031016
9318137
2639862
17221897
7518809
4413434
731090
7179947
8666735
1001789
43562496
5106430
2851850
29788033
8786353
4540804
1339541
2662089
8005791
29365827
17215077
2847491
15299419
68784484
6412452
12577850
6182319
11438827
24424442
47535423
55038279
28780752
47769706
3483095
20666522
3698685
2807755
3010310
72175264
7804683
58931792
12749539
7411848
2384088
1852939
11124592
57350645
66333909
22919069
64503398
63328725
2841881
73726555
74415779
557030
2361142
3901048
41548016
11930288
2419956
40621885
5609950
5610327
3608692
5611115
7242138
3949129
27006129
1990027
2651762
49274872
25471825
9306488
6292379
7146829
19049042
42234099
327835
24005688
8857630
2769066
53563195
4961199
2545909
1238465
55016278
18791797
11888977
37965060
2504294
5734201
1946149
25671271
3861139
43564967
222889
4823809
5055529
27918996
4920687
5745279
28651303
15272934
52940345
5610949
7209609
1898449
894753
2973827
2590785
2240317
3722681
59663337
42523368
67099039
45277265
75404240
2114785
52123666
39020924
15736704
8298153
1348610
6814682
1030927
10928537
54774025
1984328
5547850
5632457
29141459
54132604
43465987
755582
940510
317514
3284551
2657195
14990979
3532915
1894435
5960909
3266397
3958654
2389314
62974955
26315939
4825507
1406839
52547282
44554716
31585317
34820739
7421755
3819207
1218824
10635584
4287285
12055389
1378171
10204260
2945257
2809577
5299997
2721657
17912496
14660074
2236176
371475
55376908
40215296
19992953
65240716
48768290
65675227
56092121
5008457
25656611
8433953
4345230
7213027
1038803
28362566
2192489
18846922
23129253
11718710
4396347
38582282
49762553
16775089
61202473
46278787
28352026
2361062
24002217
15155627
17441768
3864069
64176124
1141466
59694427
4561605
71784183
7491987
4248535
37784602
23919789
23419533
6577060
3567896
8805493
3739058
4610271
20869598
56368802
9190763
28848837
4288215
2760150
2051490
2027119
58347609
5558140
37741055
1841410
15517295
42786704
6976448
11254743
71477882
24777091
2811083
7964701
68560236
56449143
20092990
1206534
10878013
3619834
45331854
2831728
25010043
7519434
15108245
21448343
511809
2699247
32711243
5196012
74559489
10771230
1109366
1667647
3046974
60216431
2361210
23905880
16615761
2604712
37186778
11417531
16781446
4299071
66404324
10524846
7137740
65314554
44961665
72529146
5410084
1125794
42629380
51375199
7002190
6869130
45054014
41492879
2852129
66489045
58315728
2305889
1364333
14355957
38432191
10777736
13330268
10971777
3660233
12634950
4271525
39333479
36796200
42343827
7960365
6690559
19623755
58095697
10525894
1114570
59464608
2701542
12517804
2312090
2421628
70453111
8160594
22480159
62568722
4731972
6243383
68431328
7623720
43822376
645628
25977670
205247
1328848
47127919
26408430
1060911
6323098
72812064
2377422
25377285
8435193
8252147
4250301
814609
3312893
1387281
6813264
4069593
41833837
1272042
4684880
65462052
50238871
1337251
7786399
35023389
15039925
2596720
16986311
2586755
5234323
764659
6389661
8662192
54175958
21402679
2651497
628232
5194295
1647210
1333790
75287386
15534093
9790564
1143064
2861050
26462201
61874824
40338648
1162683
36633786
7900986
5134788
8021453
6545572
4412634
5866712
62877089
4198682
14540505
40260674
4711915
10774894
19459545
15128501
50064905
4692144
4427473
17315528
7598516
15298485
1055174
816137
5017921
45007282
7062344
2240346
68784517
75525544
1429291
1360727
9836751
6868720
33441710
1360660
6033276
7899128
1462381
62141793
4294949
10524338
1053382
1024810
41548829
14539019
17222045
7769647
47032460
5996846
4722151
43667543
54017827
48620680
41697743
35298351
25859774
40813274
6396074
30738951
8852382
1096895
12352108
69362316
19253900
11268719
53492545
70989574
2781822
22048328
3788062
771453
1054568
5679535
744807
735260
65539135
19400832
6138097
3076119
71574199
5132582
1796101
5348141
7629731
11235107
46332935
668670
5935320
17383210
61499093
67710953
9760386
41641747
15298933
40147383
1416316
5444105
25050149
2625652
17299176
62676631
11394808
8875281
2603817
54935953
27108950
1974170
1491798
3246143
553772
2760663
15517045
1149234
2372903
54869861
718785
19065280
16776886
7349324
718831
7726679
38429251
1955932
2791513
28229246
7438589
7730916
2403237
4194809
8331187
1404192
1234615
39307047
1477888
13445688
1792145
7595965
15138821
55921950
18904034
751273
1315570
1948564
11467097
34096333
5999997
1468209
6784047
59750306
2246174
1824097
5946640
17331035
28370033
7665724
41711761
3144888
43941127
33713255
5691992
36160427
1055157
5036372
1009109
1884247
3490310
6043587
6754820
70225152
2144059
1089214
7614310
6015899
1467153
6331626
38391132
11380384
7219373
12253254
27485579
30130787
3184258
3398891
3450223
3936094
15892860
49209934
8679443
3526678
56332581
7114434
31518691
71265462
800594
1082997
573641
17237449
51278339
3568433
6294135
3431383
605913
9383316
6460679
4298664
8123648
5393880
1155382
51041102
3926661
1054892
880215
18901144
36192884
16775247
67375993
33264600
1817768
13211909
29500719
14384842
59522452
52471236
10983884
68398694
60537076
45410221
7604273
4306493
12069414
23899598
4751355
17909391
9213623
33625545
53347136
49547315
47392265
2589945
5404942
2189648
2213904
46313438
30772695
15534482
25828484
2606164
3629967
4706078
600190
28568339
6654513
40375824
2576353
33175809
17331321
719139
58636651
1054936
2501349
4992399
263475
1364081
4396259
2172487
756415
33191268
7064453
15298994
2527400
2383903
3136356
3147205
951813
773306
62861387
10374465
8250329
70270863
5682650
1515382
54100580
61558713
1345320
24055580
2978666
62361587
3450127
2627306
1491834
5880187
66934784
47469008
2866712
3234789
1493257
42995596
43830652
2089080
4689399
1321053
41432986
2419849
4534532
3742306
7472410
1902044
11394972
1168424
6281021
225697
32855174
9269118
2583777
3358906
19611431
3728045
5154217
20944530
2047330
756433
18107097
1590505
5636482
15517072
11211687
47474640
5406518
1123413
42240280
2527508
50548424
40159932
11711719
10068674
1172821
1795085
54838702
40623231
1253755
27292627
4410583
5418701
3960632
8515774
1319811
3500262
8951187
7352893
5598970
25590122
14718655
345428
11905392
2801976
50999920
51431172
565113
5182218
5393106
2680796
24115303
51522159
6215825
15145971
1452240
54269231
48849865
26953288
6053196
7213440
21780481
11755964
4812555
16196544
53732760
8738560
59876948
15534762
28298301
16137484
53785730
10969775
27071316
1468221
623737
52619444
19083378
27487632
199445
5417088
22169563
6340231
1959650
1055194
1027488
35991820
1331999
1467060
43932467
45497152
2527099
22956971
1789722
51234728
69619979
6303170
14205558
3112042
16788259
54200969
6338321
1449452
21490357
40925853
1781062
2180865
2582550
34518845
7957753
8719657
47823772
5941640
32445177
413277
8616595
5918659
65426039
27751716
6550020
38352438
20359970
53025290
32781434
1339823
1898179
20200244
7740347
816790
5368345
2944563
11299426
40419569
36925953
14924823
59196657
36920462
10541346
11874568
2648962
23179961
35440786
3982263
2163368
2058332
58639532
5327343
59660198
7772670
2926469
4051501
49040208
9053915
56124263
43427405
8953578
37906155
1320502
4569621
44029096
5901324
11820711
49794593
1656300
57708959
54824287
20520280
40286954
42540213
15138238
52255878
2926516
25961531
596244
36632006
1273199
21197710
13310088
67204140
18713516
685906
25691816
54121166
68795065
51591292
51330413
66415182
31702539
1152622
4346929
1095557
22282719
30579430
4196083
4129695
49202723
65946805
47209752
68470733
35512981
3142191
25020254
6248356
29157012
31194612
2482563
413284
8337354
9054262
16137883
599983
27925313
1896409
1851509
2113653
3775768
6024910
4535494
67497758
11139903
8495717
14017194
12426189
6484432
3274752
45197740
1735673
229976
16309991
5799865
5503791
3588980
4255849
4287252
37053031
50072913
40207544
57382651
1298631
51987400
628242
4181432
25786113
67711826
12466240
51287745
5503671
5101720
5840961
58119674
23598923
4811354
2129980
3889053
23166492
34529343
11612970
4230414
4969783
8179461
17030005
58682
13756452
6111558
11903294
5977463
17112571
43675916
15517435
6233919
4120999
7587723
526155
5837048
3624954
616622
6126542
8075215
968779
2710487
6296076
66848974
3949154
1351944
19173238
11239018
7407701
2772909
1496512
28861490
7207163
3234733
47938887
19057179
10079422
9002993
7973401
12187632
3079320
40113903
2986103
4781788
61603003
1296559
1257757
7934578
43589266
1302425
17370636
66442314
3274697
3677063
2604671
47763141
17065347
4865731
52401794
1462396
1832112
2276148
37130070
3147263
1451846
51521366
10237255
4678763
2204898
12784247
16688391
58931856
2553988
1744762
6816922
7436928
17290939
2595317
1863670
59581928
2626420
29039217
31149948
13635357
62739743
22946595
6391819
2118193
549482
58024098
23910599
1540125
914913
37024374
41493538
2757021
15299025
6920217
4773012
9112146
5304948
2322303
8950217
4555880
13212764
3015256
40620775
2688678
10918534
6392404
7163926
1821117
43195566
2475204
44174775
1346888
2470562
2399771
1127661
57974460
194455
6868646
1931036
2652337
5120754
29152920
2429872
1658720
2795320
3949096
3294941
24054715
53505462
57407279
900625
43405230
1794943
31152501
47945311
55841235
859890
4423533
6172467
608772
50509563
62168594
25917458
48578661
1208636
20618290
1230389
17308433
1311995
3811882
58154837
20463349
30871530
1789710
2162508
4915523
70733224
6706409
54894512
3036357
43580908
33828410
1123762
754207
6962307
29587018
11944789
2526978
20445241
42665392
62749350
1227638
1370385
2995561
26943236
32670478
1004542
51416854
4830081
7461644
5440608
4999719
1850261
2825677
17795358
28870401
2724795
7378928
30923526
50602647
22004388
65471162
6705302
4233046
38981781
9627488
1529996
5151905
17106121
27173980
5945860
13675675
7019405
5974533
3265887
5164043
3218107
2207419
1001877
35138594
6516950
6164038
548667
20735598
47519067
13339929
7093490
62567413
2519806
15039153
1863900
2192703
4309385
4877697
3169375
33546915
7819615
5636481
43640185
610980
914828
63201780
2861367
4763389
11944768
59696075
911681
4042170
54768931
36462340
7017266
21019258
526138
2862709
7014587
4567281
16736589
5508147
42726334
29992942
11188392
2716964
416895
24223895
54622721
8718322
3533415
12480870
5258188
1848546
2399535
3738161
30857522
17001495
10160393
61359199
41659290
13345144
7045157
43666319
6331044
30579555
4888933
5046628
52691721
59565890
66901990
24437221
54990098
7288405
5591766
2770079
4894499
32694497
4744848
660582
11720483
1335985
1004604
13275077
2403314
11762056
9932479
4592796
1404167
1287978
66591796
17014320
2801839
2327285
1325264
32189993
8745817
40530382
1901483
64323003
40730447
5503461
446099
4603745
60584356
40160171
4102590
1024181
5120672
2652372
32878480
5943046
20866060
5265862
4887921
9112446
3313455
11983107
3238342
64652795
64566922
1045429
17237528
10053450
2308901
1585930
1364122
61507876
8116251
64351361
7298645
16985828
1377572
3273012
12713617
11945016
25233232
7126627
1250303
41810399
2296739
774850
2993964
40093849
6620021
46493305
6837672
2569864
10052839
59552409
15542557
3662284
2943775
5715681
1642290
1357829
14009259
1014073
44438994
3485943
11411461
13387008
735169
51778671
16487899
12331795
50548535
55865367
50291951
18332085
40279056
4143898
32752453
1301499
51216552
1117939
55941004
55637296
13144236
28813258
1024827
2538899
22077884
2255163
37940504
1758492
4438800
68105997
15614234
40783239
7604229
67368912
33151816
67626596
1141538
55878027
18634175
60163660
6539592
7459356
36894194
50545715
28297705
3134221
3020536
40597977
36753646
33879379
8713891
50389263
31190636
48875416
52221947
39468936
1355776
1765584
32659667
5008621
6391919
7349772
3347735
50482217
4732214
7587300
8935676
49269849
64224184
5682873
65977230
67497198
3984799
13401069
32177482
40212771
58031878
51500013
5665150
1010877
1285790
5635707
821876
1338162
1277229
2715536
5275584
32497460
774709
7624357
9935453
56113742
43638997
2243810
5924171
4596810
11680360
2604896
5794261
29503123
32335947
39600672
2865258
1585900
19221979
6980353
734841
62738902
32900144
1719276
17222157
2156465
28915486
2859669
4596587
2822251
35573908
72015960
42430882
24779004
36765607
63944327
1227489
3225373
1812491
2776051
67559341
32503747
31049669
5811912
8249772
30875970
6096171
32445514
3144722
932030
1720995
55922202
5612871
3532317
2620124
404519
60442538
229730
33651108
2222254
7186809
10831633
54031898
54814519
61431899
61633762
57666753
4781588
3556904
34928800
43506008
729245
8246327
62196169
1053330
6654375
6621157
2741517
11555084
2001284
21131024
1380807
2826632
27292252
32150851
149365
14896425
33899277
2878808
54275667
1634523
1514324
2383859
6435307
20220154
6802934
1819344
7613330
1967456
3245962
10728813
3752580
5591728
1055571
2634456
6551358
1911924
56113678
1121500
24390003
1125746
33528599
583954
23993461
46208541
4003339
2294508
2383986
629307
18841617
2874712
10058569
9036860
3385586
1237153
17128247
2473406
17283078
1150775
4611709
1740624
71916115
8302443
42709956
17128364
41555890
12236926
1286567
15146564
10729507
7210542
16886799
2861092
2514339
66436845
16954266
10377838
61596404
616629
2126796
1795607
3938086
34378597
2696078
11525982
1660106
39082544
27246252
1110151
49589174
22938476
19444571
30148815
1974163
310852
40129795
47248167
9424593
968330
907076
3380331
6551611
23704528
5610704
4248905
5322454
71497887
2786464
3111602
4343251
15534121
1197041
17128469
16190208
1490922
51286241
4734743
13674904
65387128
69913850
8032154
1253814
14070943
1253775
2639243
2984576
2592473
1321363
10971132
73298436
4055491
5696376
22371080
7045463
5337861
10678321
6852439
8204674
2994907
756388
1339265
7323189
11944650
3622524
32941975
16623835
13096426
5409174
61884329
17283305
26162900
1469211
37804609
2989230
3265950
12384818
32789150
16689770
10661029
62198787
15008619
11929686
7885755
15299088
65409204
12144128
6217677
4555806
17023568
11190606
9431059
29788025
17308752
7250942
3960006
55297676
55436400
15517096
2299820
18980847
23962286
6715398
1429210
26006087
40753113
42681775
6391920
3535114
17331978
17283496
1460156
38405284
5314986
44530710
701844
9789775
37072199
583312
52748696
5823946
14351210
3516557
52660403
19408233
10750854
30638603
2398399
22373864
17128567
52389974
914787
4447495
47432005
40474129
2201511
2361119
6214077
9713124
49053650
54236444
1718686
2839275
1132006
660554
4636108
2786750
241230
4914841
14017086
1967604
11493361
684911
1250320
3868869
4263665
4263717
1933345
28626100
16802106
11577820
968287
1015963
24565403
17693241
64971134
15517115
53208378
7657533
3625876
15687738
701861
38203442
16029047
2672338
32086401
8286946
526167
18528636
7218569
70729227
5032094
3116190
2606970
21858425
5193204
65322769
785045
28871495
47665400
4256847
47921705
2144172
53547807
33459455
8090465
66578773
8662892
2627348
27256530
20844679
2735971
65324480
1466702
52514131
6545687
8656568
8732112
1462512
2852092
21082845
2848634
43565597
46180255
1175673
37992944
36832222
11520020
26056248
2626837
346905
32939805
6358437
5195739
7897802
6294740
14191578
