7044013
25887127
68895796
30625706
52669293
6974014
35955391
6987337
69900433
6986876
5915240
6987588
6972226
3196992
45428755
6957312
6153633
6987878
36484630
47491394
50514830
20463044
53516526
26340832
64886287
5946514
45428985
73153501
32150432
27065406
3955382
15921439
35888970
34653841
6944071
30854321
27065557
5997167
2972393
6851622
45430876
4213731
7027989
22738887
61827319
50263643
37821112
62754646
65444781
5963822
1142467
7555627
36255204
51987207
69132216
23551102
26249276
5273573
31942564
27034254
26440409
45438295
8664164
12422592
59022515
28442748
27034073
3378324
61488164
3081890
6052405
34495715
18230752
27427597
42980969
7046799
1057369
26589619
33135268
51379893
22380104
57818669
32509180
8117545
61916744
34314894
49495010
26413378
26954584
23822322
35710704
27203682
1504855
5920682
45464701
45431366
6707957
45464776
63431735
1596378
16035055
36684040
6362668
13717594
3659480
1132421
3613411
26221483
26148940
4585368
20979447
19115724
32298576
58763289
12976165
11830108
27065364
33811566
20293315
27034333
1384900
11099636
29477581
13204074
729255
23487390
15130811
6959345
27119548
18719962
26514352
5845638
5680030
5961292
56212956
5149369
46501872
2312338
26274975
1594192
61962665
1395318
65551606
65330149
1263364
3811643
8459323
15039246
27872150
6458453
3508785
27022402
6959691
68027317
16074577
6189698
12453262
7392287
5904819
74753322
6845315
5719438
1875913
4676077
15939325
4224701
26516596
12074060
26174819
67649064
51327329
62113851
45411265
27267604
6738437
37624895
5586941
26270859
5705201
3110701
1348640
45466004
7856086
51286838
32960466
44351122
12527895
18022649
27239072
6880528
27256663
7185749
1142794
43491260
4288926
8640629
59248076
40597749
2918991
2840429
1610584
22239008
29800699
3658018
24080784
13023542
767572
55865305
26975952
3585620
5094086
8459888
1053227
69174343
26295874
1395327
25076700
7787975
2154782
39924180
69856778
26384492
9296344
16948190
9996881
14652991
25933355
34159010
18593489
63050388
3188219
26470130
8529542
7853251
24811169
32229675
19828441
5908134
14031590
59483255
4223617
26258652
8402821
56436215
57195493
11321623
8461945
5678035
1387360
4644073
43764213
46845398
16862164
22731308
27034900
29537623
12174167
10000946
8879267
51551810
4252764
27034456
8607660
26945419
20149057
11951406
26423271
8007429
11681676
19053972
26399482
1395348
25864338
12551215
59204150
11395170
11819943
7357173
5997847
20025416
7777967
38029452
25168600
17837743
55228508
26120584
13835159
76078405
12989930
15274456
3719729
51366115
11934644
27066399
60908040
67272019
1041521
5530079
8483976
21296113
26296898
12829718
4880851
23174030
7378028
54178374
55915975
6163289
26966227
26149179
27305748
39993638
42793318
43658965
5443304
36149300
1026826
47770019
7491740
40717726
26976877
47483683
26435529
27035360
71488388
3295235
25809577
12208804
9833206
25986387
26436514
26976399
26576383
23262559
2273335
15947330
13204398
13204751
23581929
17919299
45488856
46865635
27035960
42523343
46740788
1234159
25624
9057164
7404148
70837321
70629356
31060845
4327970
4216041
48978379
53516480
28646341
53899283
2898275
40419778
2020809
36326680
56520601
2335302
11943820
68531182
40540617
27035860
75671610
26501030
13088398
15947937
63188520
8604516
26472063
42773739
27242716
26383629
27128488
27035691
64510180
26388391
6728675
26413920
11943343
54779388
4172482
65726286
43580841
11336974
8394247
32566607
5167307
27625182
8179770
26178593
26150790
15784343
61318368
53565611
10165651
26575497
70895719
26297448
46855136
5143254
2129433
48952207
12664370
37597415
5009736
8696157
38271816
26299113
13196641
62321060
26975648
31660041
20071529
27427942
46926514
10855
1395361
12327481
8504987
36231074
27608089
26323419
17134999
33003414
4182766
24893621
7438292
43808675
65864074
14370076
7972994
1381034
11169363
3381791
56571056
26437599
15862067
74891656
76147573
53545908
6718780
2361482
7635183
3426698
27117879
13013559
55676568
2577524
32904260
15362097
48036127
22943308
11919008
10812709
26120503
26409301
27427800
5164060
51749
44617242
53035114
55757543
38325248
8337516
11633766
7268026
57837886
26518388
557154
15950195
40086925
15952145
26473444
33259674
27578203
63998296
71472467
4224445
75741819
24811842
4383942
55931686
7320827
58011563
27036592
1395379
69496123
44160600
8618
9996683
27240639
9312052
11665233
53112664
10320146
25602673
6788645
3134752
3487862
5130675
6927871
30177565
24077792
18742245
27119443
60190966
12097462
7438278
27555099
11652528
26270998
28723963
45713659
8399809
7524964
8936464
22075975
12097415
60672993
37022618
17992535
1646595
616609
38826219
59228596
26944348
33537227
15701908
5678076
37727569
25226437
9829679
27119502
3051931
27081405
52794282
26152512
33150059
26024175
5793351
9996640
47535692
47375722
16571552
40382935
47103780
44496584
8345385
7787392
36541357
37559619
27610345
55743122
37014828
25024969
11674022
26234163
26527733
43807385
29293811
31650451
1211778
23181267
27036435
26335542
36569132
11578410
6871284
45497
7438734
12608197
615857
26309286
4616438
26198998
31956354
28320250
16939716
41158705
25884671
11652758
10626229
57030497
27036329
15968108
7438357
21204907
26501652
27227314
62582425
2567971
5678548
6779947
5765673
26575863
67746908
10937760
26707325
70139026
27013521
7000735
19145703
40469497
6401783
3650417
26259626
39851511
26396820
26953659
9479982
61485478
20999668
1238231
26384583
14999695
19553143
8998707
15785091
12107283
38401027
18825267
11755985
26135876
27116426
69129858
7420083
7094729
27017807
27164474
69525107
8661937
12249265
54798960
26124952
27508247
26440509
6960472
6494448
26388729
26398517
36623335
1129681
51624174
5207509
26176818
13859489
9926730
56230096
14393821
9951227
54578691
16959399
27036839
10550178
26325903
63222474
13378386
8603933
8436799
29760895
51072065
26504742
4453993
53555869
6449289
1380762
26483218
11508445
43472723
17237621
55893792
56284960
42195064
5682111
8149205
26260210
65533973
7544700
6715574
60795613
2918890
1129727
10747619
32697942
26470167
4517148
27014648
17206590
6550409
45220067
230780
1771887
26297948
27018111
6050453
41444691
779067
8114415
11669031
10847904
26220000
27119418
26296014
24080143
47865363
3109995
22019716
46512192
5903896
4776375
8654511
56256977
76371401
1440550
1451945
5997728
12152249
10860843
26252031
27555271
45474619
21491854
17076003
54211500
12893898
26483495
9318002
10637771
26148574
5963514
18829541
4225168
43476931
26234881
15685501
65989008
5041332
11906029
4904444
5961738
26387078
27204498
75562561
16050270
14137911
26518987
59377
16045868
53512960
26260910
62000137
3311066
1395381
30128027
615861
26423527
26861633
3525183
27244594
2469208
27014300
20025310
20628481
5149412
36529913
15127928
6493348
27015566
26299345
57873930
7001040
26577261
27037418
58600281
6073868
26311311
13958202
18450169
6926674
24370978
40507436
61999042
6602082
26490762
26978369
27164643
27587467
26955863
26522830
53796739
1919475
26298184
26976936
11577545
5436802
27127898
55269941
1420197
29690315
10783923
14024617
25047685
67621505
26438378
4223772
26414139
43611539
7900640
26235055
66945509
6621074
40096111
1084490
1045453
26579054
18159593
74274106
5946209
28064726
6853438
11212301
5819059
64681008
4306568
9792192
5852644
26948962
2947837
1030463
50032203
55147926
26472123
26159811
64710356
2571780
11210431
44650714
8238292
8604611
26119760
9997466
27019171
1033604
2460672
24744547
2407531
53514748
45198791
30256491
9997471
19553237
25910809
15697887
11573543
16743854
65273201
12481490
36552345
26004217
4214368
7348122
55625595
1610526
8460406
51367567
24007495
36070480
33643703
6117536
27037698
13685021
52541578
62416808
16742651
20482682
11294631
5945264
10920635
36552203
5931443
4255435
26176421
29520269
5965961
8648141
43518388
6716078
615874
1395386
12935876
20610393
27599786
27081807
61341243
6496537
26271087
42186241
57032419
24328952
26435594
27256602
23333125
1652935
26235149
1395394
10418805
27038016
13203905
71013499
20149222
60884111
4215338
32742609
12918620
27038125
11919176
60503469
26309388
27038282
57039483
26150336
34183402
70079307
27205872
26410237
71654546
67089616
1126384
51278653
56857805
51379165
29041890
24876670
28262510
3194847
56465662
10965809
26438921
28156815
24023962
26400788
12109306
6257384
10869845
27048401
3526090
615800
12484310
7719723
8922703
41703830
26423611
58315541
48155946
46854946
64709982
6760671
39601685
26160768
26336126
42967795
7024981
11718053
24698772
28384507
14654495
36722148
55252288
12329022
62402041
27116869
15669496
12514481
16224015
34514070
10777562
24970924
65936113
44273834
6714458
53776220
6913309
73354796
65473762
61962765
2385461
24275102
27205761
1679191
7787656
10869152
11239640
28916053
43648614
17207386
31993542
8472363
11187235
27013949
20610655
43515931
29699285
10225553
32555065
3666288
26024113
55796049
68590418
36630362
1510055
26296999
11668712
12443373
17871508
26388831
64357815
15518089
1460441
8345227
16029413
1081233
5679802
33823169
53569059
26336429
60878377
17142956
11736456
12132439
27047208
665012
41041783
26298393
75688447
8647999
38773839
15785116
27164726
26384646
17208233
11265497
27047329
51848942
32873357
69044376
17208719
26296114
7904297
32299380
19972827
25602803
30234530
2555668
26003802
26414263
20749380
34616479
6960175
17495216
18475022
4268501
8901268
31196111
3009831
64362732
8302290
70779099
71799030
15923641
26387152
20462894
27238804
5679052
26975799
1108772
67529673
1545339
3552697
8951520
5488837
9431106
24397627
47665345
26953321
58165197
76221372
27115974
26221660
12495464
27046811
9659133
22849110
11950279
26245937
27506478
26702118
15258841
26943848
27128643
6164332
27222644
26246524
10521833
9654828
34582558
5958105
42793126
34540396
7075887
55912128
26271133
26436556
17238664
24015959
26517845
26235306
9110604
12082254
11002713
3379954
26336836
58600006
26312487
27577949
7903649
27047813
735479
20910631
52269259
6498347
43822139
24480262
12943134
12448489
69857295
12174720
5959148
26943420
26384416
26439240
7836697
5958692
6092323
26299494
28306185
15514061
24744461
43696186
13530759
30911094
33163167
8162915
54836052
42019752
42206906
30292273
18593691
26348307
72826485
27599914
26980114
27167685
26312900
7189794
4096631
26297529
26526258
26258705
6448602
63548912
28647095
9017212
12175581
9211590
26955657
27047941
41806925
35038092
76157232
12988371
26996381
44449715
41798106
11224845
2601631
26323502
66749024
28211648
51351931
28177222
57248024
7777251
26435688
54097688
64735236
28729708
27127634
34369879
57606947
26410986
26350253
20628523
26030109
26335619
11681994
9556410
37084898
25652455
30626006
28654017
19922179
4750615
26978321
7057563
2053737
26298793
26351294
26414426
58906018
38966028
66487365
27117334
4078428
21347608
26137170
3928995
8753523
6732322
11490339
26340942
56538412
55858781
5432398
1395638
58025606
55287475
37053880
4773571
56266198
480121
19396364
48528829
28747280
26500611
4738467
26131950
13334580
20610623
9326121
13959673
36894374
22705009
4474885
26352839
1527955
51390272
63283548
6010082
53875759
26943639
1955950
11080809
27118619
24811518
30072249
2143614
1174686
12245059
38770944
10344065
2883786
58901341
34815334
14915548
9349938
27267800
8113985
26396257
10408507
1438361
52437236
68801723
7300398
26486577
5571147
27507013
64886683
26324882
26323990
28182622
28168949
66411620
8604449
22299020
26325999
67872367
11604953
27022221
7640969
26911704
6389674
1172503
18936847
70354967
58898481
69714717
27116032
56967248
26337071
7887219
62371792
18825090
26423708
8662680
73963300
1489843
7303029
15362546
26399720
8250905
3028444
11042754
27223073
5678817
39282244
15480306
26578320
26297171
7719115
26943782
5969937
10851076
751310
60326395
39840037
26470226
5264510
1026898
8488814
27050423
27016202
26437700
9997686
26247306
5996425
26483406
64305770
13291048
13290847
26235405
4319906
61934554
12015539
8662158
1971102
38558166
20220075
60624661
11465518
70112500
2205322
3147966
63553426
26147520
36772702
26439640
4256340
27601108
7617361
75028144
3071470
24118685
26462765
8970716
15236960
5571007
26325180
4567163
48222036
1642249
8648234
26484263
10169599
26252150
8648372
26969701
7300709
5230728
65286391
24066506
14717105
26485127
26470275
8854831
69797248
5959602
13169068
11943889
11277135
26247697
74666405
58275900
27117650
12595688
9985547
649687
5396938
26389957
2633796
69865699
76117968
69865750
42687907
233026
69493396
26177051
35413066
1996387
11341830
5678459
26259758
11514579
15053792
44788667
61816605
9140058
27117178
57598141
26944638
5397016
76271298
16031680
8642728
27079901
22739320
17587452
30668152
8869636
18511919
8089096
25098232
15516429
16882804
10637322
19759229
47071142
9996722
6482492
8399380
612521
24440455
1151131
16273066
12687201
27163565
15687281
774370
9423454
25788230
71994899
36288123
47665295
53693758
18942673
772771
75671351
2695239
7941256
27116009
8466212
39255291
2944515
15203912
40082726
27016745
22851453
64163656
346840
11736815
8001195
28747001
61460218
26246014
20576308
65484141
5915032
33249050
17361905
33982832
20478250
23336008
27065919
40420340
47210885
40340755
42207455
41574846
52721576
54171289
26311562
6395659
47535744
3133172
76109752
3042660
11523648
13186747
22993255
43538183
26323716
26500327
10169623
1411967
1468697
27203482
64623422
1647508
55287838
69507936
26161122
53499982
12956770
68072261
3455586
26577193
13483807
27014767
54109702
44544456
16415750
10860430
11942980
39169990
41359649
3791009
58241020
65706072
8466692
5998672
22081833
24339974
26384731
26361208
21372396
65884133
71784072
42664139
18162793
18826204
4288164
23900839
22255796
8642947
27256007
23426889
64732524
14468559
36690932
5649084
1686233
27079780
880064
3120086
15737098
27162401
19553356
49632370
26388955
26500534
51520875
27116328
15257125
26160626
3400730
25309631
64721957
27117219
4561587
6962355
26271229
46926198
53041449
48718877
24774012
24732515
55998877
4266427
10133139
29042515
35260041
60607707
57202552
17814934
27117608
67417626
8068585
10165496
21825137
2958391
5635710
252130
52930246
40461854
6509941
26579654
8032183
9732739
7806857
20036749
8934899
28109589
26299794
3864054
27131389
44677459
27014961
43326556
3538161
62134703
31387708
56973326
7300520
25046836
26472366
24731320
76057466
7998438
27117698
26579324
26516036
6754924
26235677
41749517
15787744
13172577
18696100
1686203
3662109
33249313
7438957
8523127
8633716
15131013
8118870
62416762
25795211
68538346
8115180
6715143
8346048
3640672
31853665
7318891
8419134
73153625
13703475
26387383
20949623
47527504
11508366
23269990
37995531
11817242
8483334
7561083
20118104
52420235
19907721
23269331
24297246
15054604
26149533
26248180
47455249
58303891
50544295
11379340
16489477
8639671
26309678
4956483
26384816
38137045
770436
43961109
58868651
26969273
2227434
6860592
1476665
5887619
67864933
1395650
26486291
53624847
37503953
9724880
40106053
7424546
37536839
53504139
46789918
8106605
413244
615832
26148008
34081154
36890117
7300300
42382081
28797870
6822260
31104462
26484016
35213973
5259628
1809256
4522551
9940671
27128238
1490764
724986
26502856
5482407
11573707
17401514
18808246
46854058
18811505
8528452
17129496
10622352
39424028
33361790
26152639
42297565
9659454
8115638
26324441
26396735
55623147
1545032
49232747
39954519
5965118
26489001
8918937
39255398
54115245
15517982
1554284
26147763
4561922
46854973
8120321
6153384
27081695
58576779
26978415
55915062
26325411
63225622
24017389
2005802
57588967
45428612
26389053
58841180
19404817
57128245
60883764
7438370
62176258
12304570
65892061
4107272
4245172
10602260
7969119
43522106
8615162
47597769
15215299
51705660
12591937
2967958
4094788
2187637
52979903
1497143
3379288
2110277
26314405
26312532
10525331
66415042
4905942
28235078
36686524
43649167
44676363
2135282
1994408
11738875
68822403
16791078
23847648
41444485
47921814
3133661
69404827
3578438
38478665
39709150
1028629
1346723
14434223
6275918
7579072
15862298
27090460
50544032
26137156
64707555
32557423
14903702
27565766
26383951
862138
1395657
74732724
14031660
26514177
67868261
5931261
3379322
4214186
1013062
12258366
25465145
5997390
4444488
1691688
63434389
37939599
32558046
28369587
6940275
42534150
60210695
14361712
36701735
74703724
26943020
26400867
2183670
7998183
5774597
26395834
16276831
37118489
16016859
45220337
55268858
63254126
9650025
51109184
55745686
36511674
26300127
1451878
26980185
10437318
49366908
26065643
36839602
24036151
1486014
39098937
21960791
39838147
36818205
33336117
6926377
5320071
26457964
65983447
67361307
54197917
43523673
33494147
8753780
50285421
59132904
7377938
19039333
3992612
7289527
19442710
321109
17226452
16406594
5958893
1290115
8712400
7599285
17562688
71725481
12943143
1959946
42230635
4750571
7815735
26976703
20428707
1111368
68579710
3874677
54280087
36890848
4650885
5434427
43838324
31989681
1681476
15804882
28173703
26246591
54674054
75434072
12145130
13406030
26575679
27259813
6738478
11081694
2809544
3029850
25839737
26085460
55625212
47264495
4437836
8146787
27066299
25698421
3322532
18762433
27170662
12743093
12097430
27917678
5041457
55739242
12955572
60244547
6930152
2360567
7740519
56610098
16486003
1303679
27128535
26471869
11820991
40224822
7044620
7313602
19920591
3646542
42010846
30625669
32547667
26341142
9262488
37285272
6412145
28685474
17596191
10966772
15166806
615865
62702365
18435659
26505336
26485657
26384916
45609907
58601211
25165907
62569823
17023053
29261212
26177987
36098794
5985146
48998669
22573576
41946192
29460657
11277483
13938695
20127796
33651510
26220105
6246418
76108217
26254656
8007091
11789350
47870753
32664787
44943588
27317294
5155696
11464075
5179086
21382818
6797041
27117108
26248554
12085138
17241062
6440334
24043772
8429731
16992055
2819511
9997435
49357443
9595607
47854234
13107945
39170149
36623363
26350584
43622205
27257050
63434413
43164636
46599662
7908310
64472043
17866682
12797379
56359838
37898553
47665466
11288672
21244251
9382793
6082542
24146178
29521170
8498565
10937836
26472602
1875586
26486931
8627935
42649261
26383974
33036889
1395661
41477354
26161329
1642224
60608260
27117297
26945494
26978485
12915986
17612224
30429590
7319151
5968661
12597547
61633091
58694739
13859390
26309933
26387480
26976249
43332145
13928633
8662556
9038929
14221771
16745003
7898551
5680148
52299131
24924174
37596415
11931958
11934526
33197907
47334241
28900606
1257451
22079707
36099009
47785817
4643937
6654461
26491494
27128709
10607883
75142450
51097582
2767514
3094381
18496577
26411816
51623511
4981171
7438274
25541815
3011678
6406226
26414568
4224795
28177145
1280224
541883
12484582
32563689
10737664
5960311
39025707
37641827
4256466
15813693
27630342
11277230
61933453
26398789
1486747
6950349
6015671
8633116
26944047
27589367
9227367
23820928
46979076
15054637
11221967
26384066
7954810
842379
18649385
15749227
41903169
39375217
6010238
1856094
26178961
27607969
65477817
33139094
4731449
57817776
58705652
27165551
27116063
5961085
3930865
615820
26953103
26179035
67842040
12598283
15203998
171723
15056019
26409429
26518285
23877475
26412013
26952982
26969635
52346040
57819324
23723111
7443191
37934051
57220210
19552932
45475458
19093425
1060168
23728279
13387391
30006993
2503237
16064183
11323722
26487312
26483358
27127981
70124158
1395674
9324473
26264279
44496513
17255916
4308836
36904797
23185055
27080956
24090154
27022568
5678211
15204090
15879755
670794
64710525
4699284
58583227
27224434
13331798
36589754
39494776
33990056
27015423
27496191
553698
26436927
59658251
64630695
42157470
42275420
4069657
58897766
12223260
28306539
5962575
64730862
24090603
69287035
26348541
48774079
3552749
58476469
11715612
26148438
12788909
60609244
7490999
70148887
15797626
65995722
7133933
5772882
3239562
26472714
65057098
26470434
29288822
63285835
8607486
27017521
8346243
33842878
13859468
27496060
62402184
26336203
807472
27206059
18170151
5041377
27238500
45608124
10422772
26131674
26423775
30865132
12459748
28020704
7718883
33261510
71288023
62416733
12024103
7491821
26435834
8114895
24665151
26326103
20343729
5841825
37301731
42159491
26235854
10637861
27227102
4224602
413242
38233087
16035156
26246108
26341252
26473535
67742474
37390854
11190326
6717900
40086851
11802908
68488956
26389317
26474204
730831
3566113
1938873
26160929
43549539
27578444
26489199
36786264
3535098
25096167
20543493
13567325
60609808
21670967
8348619
64799840
61945052
10869468
13228820
65057850
16526658
12258594
3767290
12555041
67771464
29257177
12403770
3186827
23441859
59923488
2220103
35987866
5149460
26147617
46659896
13266004
37442951
35871025
26387619
17355323
37258327
64398239
1643212
26485209
3718787
52378826
13171766
26351513
64591414
66982615
18991681
28935060
28789502
26161515
17348676
6981682
41477526
13859473
8015237
17650915
26547036
11805115
37934105
26470524
29520398
60248105
2983233
5898401
42693838
26300430
51708889
26296163
41073785
27224139
70675164
1868963
3138445
40558991
12097508
16323251
26258986
72328549
24079392
29334082
26578251
5338277
28991725
28973397
27241560
12007883
26503697
17256496
11190657
26384113
27256456
26414649
24748284
26350790
11805366
6138511
26176179
26952891
22786500
1706459
17371808
5918271
19323412
44815515
16160093
34526371
46435300
75517469
5944962
26311717
8853428
9955340
26298065
4083440
15736969
7784990
46738724
43030109
43626295
27565213
43973372
16162671
45588732
49012491
739497
23480164
37935166
7445618
8918784
18161484
41461478
36859067
24113082
11194264
8920084
21332552
12918266
18781608
3247420
34807056
35229800
71684792
1186387
1392400
55690444
13292026
20823551
26133093
26247437
20644116
40843216
5406919
27554000
23386442
41697627
18420789
20883049
12131363
5881181
5932152
61007341
60485965
32593053
3255305
5751991
12916260
42642133
35204121
8015065
13535659
6571055
54369384
44478572
17764787
10914287
26410348
16860933
55622696
4222921
231068
15130979
8658708
4750587
27167885
43873359
14540834
2571957
1114818
24487136
26313066
1353731
32548447
31525961
27283984
5018888
26706788
42642240
16950546
27906421
8874039
12317730
26491893
27020386
12770705
4177511
26298870
26955764
58574974
26483015
2792983
1449035
14023732
7002916
26412193
68220581
7902017
5680133
2396553
11465586
2973434
8940578
26707205
9996751
26438440
11276925
26623395
2723824
48825418
52097861
7985371
35708911
20011651
9390957
33273816
53566713
68608702
4215192
26385103
26341360
4395971
27162280
1528199
32866457
12294334
12171472
11265182
58684
3051153
38592697
37006093
2559565
40202955
12290843
14926103
12837727
8733869
5999146
66095289
52420110
1387382
55625868
33410724
32729615
47665569
12276
44617727
52004386
37258947
35490942
23452952
1704354
2794927
3626129
1594225
11895475
53666445
49850692
6716345
26198844
10981840
5337869
69540382
40659107
46984962
59235385
2521661
1462547
41990527
1463155
20618162
14594154
50384445
42027605
1591050
50051239
31742030
5570243
1102633
33447238
67798726
1300440
5649321
1421187
41906847
46865004
15656426
29678724
44024552
59200682
220160
49233000
21368437
6242478
51444047
15023739
44059055
16756358
6389680
25048389
51977085
60814049
67620227
31052894
7335197
32353332
30557751
11581762
1995741
1089531
58419899
41349439
12071164
17577701
65683140
20562000
61644708
43007930
14670286
53016267
59152742
64658548
13565806
51451352
32792845
6972801
5765597
45050775
72684025
26396076
2970773
5682575
27649864
3143049
38565120
1238053
8484925
34064135
27203579
12248270
47784335
74087879
1814189
57667437
17262374
20618309
728776
23492439
6390145
27142698
30448071
45232823
18461979
33871357
10811792
18502293
27165034
53275725
74855008
28317523
53664544
74620559
22614102
8662090
6304229
69709979
68538495
26310045
26481718
25099549
21986231
26489681
36217816
1332660
27142967
65835783
48705943
1996440
35530227
6143459
15502286
42694491
42341238
27221862
37911344
26151191
26151284
968320
3469367
22357742
25713190
26137026
27080181
62001070
64658527
12813959
42633772
51281385
8487703
24227160
9780869
4223948
7441764
11681484
47668732
71268703
8292887
8162178
42166916
45441091
4869563
27065991
26222028
76098185
8643176
41557549
13031169
53983493
51039780
1834853
34945275
53716988
8521242
7863041
43710239
49429211
1449393
24975597
766470
1433763
11708592
43278846
32706540
15130740
38644513
30933803
1468149
9626793
5990922
46867944
30563823
61441969
72227319
5222716
1449407
34065205
28639553
2022883
6715865
11694107
48842106
11069864
7005372
3720162
2295002
26701828
42994819
1064475
16600123
51378994
1468215
35773336
38674646
7789411
23452810
10141146
42862407
13153035
10189754
2443549
28257388
33770518
25931740
9997604
4727956
7644141
19973430
1399716
1399741
1406769
7089182
5609601
5903929
615805
1238321
5945982
6168403
60886401
68372704
32832337
20431889
29548146
58600336
1297124
24209795
2581147
1639573
11929895
2897977
68477079
17486725
8118421
65512844
49197662
1001191
43792341
15467683
65207247
1530110
55622812
511002
19614158
2033995
779097
51369161
60672397
67338802
1422124
59921955
19813217
24419598
51795339
15143985
43491264
27347573
64140351
46538877
679382
6975318
5237341
74631002
52326020
625371
60408612
17563197
52682286
2627410
19553582
13030965
8098389
69859019
2807571
43774048
66065783
4444515
9430058
2824588
53463407
26295454
42001697
59984533
53504081
13804341
5932965
525141
201840
51629787
615769
6799504
61437609
20115114
26220173
3428316
19610917
11879432
37586696
13442844
5472710
10521952
8617021
32487504
29692466
61946003
32880812
6389656
35630324
6719118
5570526
55216490
15397636
23873919
11675184
18618484
2669978
16416772
35651283
70291354
53505422
53546340
28452930
69866842
12440446
1447099
5678334
29078287
24750096
45546632
41498464
18326975
5543826
35809261
34774613
7196940
31378770
61999837
1380795
8086984
27905089
24241068
51818840
66344369
20844442
49985887
5210351
1298333
1467137
21409613
20135644
57830861
11677942
40439453
7132752
1597897
1114055
20168313
2360803
2461715
59720475
54958197
18841089
33703415
19049808
29958993
64535073
2411842
7065076
60029724
74653834
58634232
46314442
53557513
26576971
25986242
1563778
12447036
64583877
48675695
7865551
10444156
893236
27269021
29471376
24525047
48825471
5432598
16989284
26222385
15813732
26439840
69845675
26149364
23920422
8662393
19749801
8868646
27151872
5284021
12635197
5985580
27589538
28380258
32949695
12201685
27019621
1033647
14259851
44459730
42795543
13009248
11341142
26395871
26515124
615829
409595
39290589
29589453
1320624
6822006
8098481
935938
39169700
23257001
42187527
27018405
39050706
65971841
5662316
19294138
10621688
7898707
12644960
53512757
69417143
34594085
54143488
7438977
18784438
9904454
10771382
46611423
68680305
6354382
26528425
837911
29152611
5603411
12835902
66071415
39752594
46974176
26297653
1914355
4561780
26222662
1129182
15813767
33262615
51072983
8091427
50045408
38132791
26409532
55543910
46926092
24605063
55470022
42259424
8630301
39560305
7598427
48528781
26348610
27119185
30128151
9973938
3497944
6278228
1570177
42658206
27428117
51303795
26518153
11399567
3998665
14177644
29886365
1291746
16057664
37534575
27022176
15880676
26296637
1606746
51618387
48922110
28037115
34664722
5041579
19270628
11312110
39134607
6049880
52317566
1955189
31363323
50267211
6053456
11647540
7197089
6494519
53758965
44664882
43968322
32548360
16951176
26248787
43211451
42308223
20614543
27128856
51387613
30804279
11258242
3966721
26338079
67076631
42481302
27117808
32434424
19513694
41774683
8785931
35810581
26222755
11122461
48501213
1257534
29948362
7527981
2403674
26163263
31234710
2716305
51382034
32888790
7008479
44761617
6944686
27240397
64876602
27244726
27152062
20989835
4260148
5259667
32339303
11678535
26500090
27578550
9523679
27065609
26575702
6830299
60611572
64582909
12085422
46428776
44082727
8951173
1409031
66837319
26474437
11668209
26502635
12015463
12249157
24536219
5917285
2921123
1896500
30184629
32520485
32970274
32143552
52782246
36160028
22965242
45037581
7077933
40809367
13248817
21430207
5191847
46599720
62416886
1327568
26179199
5210442
7145806
75630297
26174987
47720283
37009153
1386195
28984484
4960342
7597510
2394516
63775773
32205380
13378736
46782561
22290370
48537554
34519517
9167698
26252316
60360784
26414883
18144596
23465462
3524079
51332339
17682032
24661291
34394172
35624910
5681876
5945664
42403109
26504409
53544477
27152306
34139958
26383800
17263096
26300640
8785587
38562873
56904782
27245256
26470584
21641764
17357943
31743166
15784630
40594631
26220335
5492397
8567191
10879649
27427456
35757496
47333067
26489517
44653022
73274897
42642306
48847825
24448041
3683187
66238191
34191307
26925463
8118183
72734192
9996890
31162944
7124284
27555166
1834973
63004254
147719
5574185
58665443
38275897
26136192
38248268
52942887
25674532
13737179
5981087
18409319
10601761
51528532
44274444
1686258
39337437
39683483
16743264
53543860
1425014
17143704
42115618
27506602
38486868
56229031
9248232
26326189
11732281
8112903
44271597
27495711
11914827
26260591
6011234
10637249
8399961
10169613
17910862
14750690
731105
26161846
4798587
26385964
8015683
27506140
13942262
3518870
15516725
10944466
23939414
23238781
5946799
64647099
17390867
18829374
8485
1539938
36116275
8219844
26220454
26335690
65294465
27078093
4213073
19447649
19822693
26953262
53513099
5571048
27118925
11095197
8159933
13206325
15130913
19618098
26222941
27152388
27609765
26437824
17898817
26297272
9109831
15785226
4515778
36288018
7535757
52541208
16700034
8118329
16748885
17143996
9833621
16754353
26295520
5097613
68402838
8454316
17269538
2883337
35966589
26264439
26435903
26341523
26474628
11918921
5975391
64658572
24458218
47350421
10568779
27117968
6492976
12596054
27256776
28305486
43227073
9659005
26220531
51320194
32548480
5636483
10929726
1127788
12116828
34959100
24098014
12130422
26487927
71925799
54134500
36289536
45610238
30129917
1779043
51841566
6410359
42207368
8628124
54189481
21028747
1127429
12636288
13618375
34283363
60617597
48712806
28045385
27452367
60629931
71710521
16098685
26351726
1397496
52443008
41106037
3079688
26389423
11120756
69360068
70541597
7310840
26437037
5397133
26396138
26472810
6961143
26399168
6719302
12484242
26400386
15112880
47699429
5530130
14903619
26348828
61225696
2535869
54162570
25675113
26401107
26485887
46790555
53544527
46971198
26502192
36062179
28697503
26223036
35185794
55902997
10460125
27376516
48717409
14633406
2050441
5222446
14654043
20120746
40919975
14031819
16243619
5915533
12426664
27116934
62402217
27066049
11608134
25055369
26386511
475445
39993995
27226686
12898395
8483427
7145492
6597161
5302567
41749749
7268882
13641022
26176054
53048237
55783318
5716615
5625136
48424573
3141802
26411563
26163105
27023129
62416851
16620422
7846725
26236419
42792896
55904836
27257269
8488014
26373352
1395690
1659342
3993984
26470896
12203202
24681796
41496560
36676350
42121561
57279076
13793784
54092872
611982
26999095
36702131
11535001
2763526
14673063
8238986
19718998
13036485
33818654
8614684
32567480
27226869
53043234
58626037
24032266
63549431
15783187
740820
18424280
11885871
28066097
27830745
5681716
21475197
1517334
11853397
6181955
26415015
26969058
4852464
36160334
15814076
18118458
1387298
41345281
5407141
26314735
26576419
26312566
15054806
48711953
29973958
26955570
26350867
6110550
2980694
14725617
6154950
61965420
3965439
26424014
6324364
2139268
33403627
13387944
51444927
5102559
23764149
60630252
58928651
36159692
27118795
26298236
16335191
26163583
54634066
2677648
1500319
11360341
26472918
26412780
8642448
20231834
26410474
20990774
58023752
1250741
26311917
20864140
1462772
65985758
71343568
6340008
65768743
13173417
26439083
9996669
32707486
50218566
21866010
40452704
32593681
41192407
43526341
4014486
12015589
60056794
1290855
58930742
26475013
48926354
42421099
24816132
11277575
12483938
11849835
15611558
11276738
26396000
27565979
7045109
33838914
3497852
39172466
7982359
26246693
6718340
22621430
66744001
554815
35629900
11083693
12082948
39531753
733681
11290337
53921479
12098036
7408339
27225119
42258117
17140785
40007413
10130748
49495209
33431493
8237929
1462717
5149661
36244734
43403824
24116203
7393320
55350868
18099931
26323833
15720864
13186442
42545010
1468635
64735252
1789044
11173399
60637408
72148481
2840278
25877788
26246185
4427037
60433355
47940975
2847771
26223124
28346701
7819425
6498083
18376362
8507441
53512811
24342573
17305984
8958944
6389652
28326546
26389521
7003783
26324747
27204857
6024651
9318137
14545311
4223317
17469267
27590466
67274770
5695670
12314702
69846003
5678887
6052163
26409587
7836441
13887539
28737074
26978263
14903976
5962960
11918851
5962731
17295322
52369913
64601117
60637762
26398942
43764013
8528287
48601857
29365827
28177284
7319202
26300722
24222032
26298917
26310243
11348628
12577850
40742340
7740644
50683472
13140753
67432212
7998386
2322845
12550175
47769706
56350837
5219553
26326265
43193242
7526108
26439953
6976595
26577436
57765586
3143243
6531605
7903508
11582755
28091850
7356774
2841881
5575488
26336632
58600978
52075817
41944336
27804813
36950856
41094117
76155829
35103275
13757476
14023514
65307658
2439872
26579474
13042838
2566390
7027199
42897291
44906411
24699157
25471825
5962178
327835
5745931
24005688
3516503
11277318
68385081
31067801
17912936
47909765
17382476
10854979
1094987
222889
34331966
52299461
4823809
15927967
1637082
48156027
5055529
57408675
8434824
19142655
23516137
26150202
26516388
20976660
26969121
27117933
64096065
43540748
12008056
26261141
26706635
16260893
7078416
23203600
28651303
37487032
6410209
7908533
29874167
65453315
63944145
74659806
9901831
63735870
7471983
17417439
27484756
26259891
53535330
51317426
52123666
60672657
616605
8770703
8921259
5946024
26483586
60637866
26576868
11323997
2671283
15294183
8743960
5284853
26236581
8704623
5678646
35618357
26314077
17351719
26176745
21365500
615878
16064074
28789278
29141459
16777733
54132604
9421172
28922432
59223579
1406839
12913440
57237591
31585317
35805490
9320328
27202987
40900338
26247859
26349602
27127940
26385729
13859415
58974897
26798634
5910179
11587666
5905225
679481
51646958
2808518
15784674
76100715
8810772
32168041
19840552
19992953
27081523
17718548
15130854
37831426
8433953
26248866
4781132
2192489
21716534
1108287
21716625
38582282
28068367
11670089
23795517
26223222
2738821
47032368
73969412
47678915
11145754
74104541
26372569
25740764
5573079
15916806
3015630
6340741
54361507
23419533
20994782
45258136
69109571
29075713
28848837
4288215
22761918
4665880
11888733
32793094
26338202
1388604
11351654
66756503
26504036
3960228
51261988
26029795
52900759
28871487
15164067
5317490
20092990
5192512
38676527
2831728
53544367
65937133
2699247
1830914
51427387
42793082
2677346
56884753
23625890
2361210
27565952
3148117
25187411
51986428
2604322
5864876
26943137
58970331
13685403
15870863
37186778
12551514
2801447
52355671
15877251
44961665
36539406
4216478
27076551
47769947
26247525
70479266
55746723
55738832
26576185
25859881
8633501
4748654
20613201
38432191
60672958
17854969
15756800
14404206
26175313
26161654
27163726
2819457
27351896
10178607
1598464
52296214
1382124
41731461
60673016
1387290
54003367
11207507
2839564
42881352
53643503
12517804
34396907
27128033
43241231
26701429
27428039
26220624
54333687
27788841
8160594
17898455
51512661
48050473
49177735
23807614
25754146
7770249
8113027
27506280
26220713
8643222
10869309
5688833
8435193
27139755
6440262
8252147
26411888
70847807
31738727
26135466
26162585
44449519
23875603
74511815
17362004
26387910
27243498
1234181
66118272
16358403
60673062
27589887
33745029
4319518
20483274
48046857
4069593
5903684
27117012
39421533
26252464
35023389
27081016
53574661
4224965
46453737
15039925
48565634
64735286
24713462
14699511
26574360
4215588
2636169
26326333
2633740
17563051
13136330
63036706
26700832
26415136
11665701
46925959
27168109
11216998
27115887
764659
26579590
72710615
7973548
7077814
4453205
3884956
6389661
615838
8113810
22877081
54175958
26336324
25987354
26178149
26614397
2812394
38404696
26148316
42512310
65153924
18844791
63074027
6717493
17177959
26483789
5959788
11674148
27317175
17922441
5946367
37939109
39196689
56383762
41712715
5298205
6074219
8521767
26236693
27223603
7739632
26335892
27118968
4244986
5688610
16002502
26435954
615782
26412893
8015878
66332798
20333139
27119119
26760861
8021453
10869019
37309183
6545572
27116386
26259055
13753179
7626635
27648482
5071886
6878366
10398108
5996076
45681562
8645055
67033595
32174739
38858293
1125764
26341803
56889579
7500857
5692002
18450487
1870859
26502765
5934492
10169608
9226841
26517041
26424320
26471301
7160009
33441710
57077812
26324152
26398974
5301328
62511723
11455912
6989826
26943228
42209522
27163863
13005506
616624
1630137
7899128
52665034
19137801
34808112
46199378
26148190
58586697
26327009
26527596
26147936
74623071
14690261
26150435
17887914
8870184
74739631
26383877
36293445
21056810
3323202
8161888
48623370
6169000
26578728
8481340
4835083
15813813
13685462
12155076
26486797
38866195
12918593
43667543
31226538
47607194
47921918
21075483
9041601
41161933
65332281
36369066
27081639
48058766
25859774
54962808
8280595
52414417
59042258
27579405
10854813
38648030
23920236
48873904
32531665
12352108
8805580
58716250
22450974
24975118
22844520
68543076
26506291
69866996
744786
11276991
26578830
18169707
9415072
26296716
1700669
36633529
18458086
12340462
4437198
11240595
39175026
48115512
1879002
12484149
26943342
37838725
48642812
9573095
39606359
3260922
16243258
26578135
1054568
53574891
26526526
57832709
75665272
6835984
26397002
10625940
26362692
26488031
32491129
49232796
8006853
15271690
26516494
10626497
26411652
12086891
45291245
49512230
8301106
41641747
5396896
15785252
30485054
26261045
64735221
60546718
6804650
15419247
50662482
5959959
17161177
55931845
60481173
27245500
15784645
26435867
23944220
26223397
26150058
20581380
26186792
52530056
27754285
26264615
32765426
16794019
4771178
4289610
4415200
55728977
32566501
7725293
7561203
70847916
1099569
7775635
27484816
23829420
26336934
24226999
1700594
65522475
64569669
44406372
70098052
27021276
22873717
32040170
8528663
5946641
8018590
36858999
73749193
2760663
12125065
15784666
48246416
9996614
26501418
2372903
15813857
26338298
26136829
7003122
39117094
8703405
1449508
11508333
214478
718785
10794165
58723059
718831
1955932
28229246
28119877
26488210
43843044
26313201
10140603
18762130
31416591
12202622
26438738
26389725
42275218
26160469
37596189
11508494
20977054
1518363
53513216
26409629
27588171
35182535
39142770
53793021
26387951
46859248
26471523
29384998
67829475
1477888
25665829
6705995
12828625
8643661
60755019
1092070
47685154
55375931
17405556
60673239
13545515
751273
5904324
1468209
5231846
26474030
60673290
6314656
26410613
26415278
5691992
5337755
36160427
8406605
2195027
62225099
11943235
6331477
71773216
9996865
22573918
51391392
40421526
17011054
51179458
26310362
26977034
36843289
27128100
33210682
17609442
18758167
60673343
2282543
2604907
5719956
44281238
27015519
3184258
27018953
5405656
19035996
6989277
42209469
24794541
27897818
13111230
12098343
52303652
10937793
37197609
42949034
7525081
49209934
11465152
9157499
13859407
43757951
61460176
56332581
73870140
64614666
7437744
26500449
5960165
65913422
35293241
26437103
800594
26438157
51278339
27240461
34314264
26577132
7932622
67058884
36836604
13206667
24126910
53649466
7396065
49968919
34168411
15255644
51041102
27081481
11073723
3926661
39500924
8867037
13630369
26252636
61712296
30386022
6792702
25788426
10297431
17034106
34328443
6406358
26945331
70837283
3211950
12482367
50104184
26163395
45088843
26312160
15473581
29500719
47760896
6893667
10983884
27303979
22741211
44209014
649994
58919921
17909391
60763932
10868621
733308
53650303
60881004
25213812
61952524
33403402
2189648
5404852
12484204
26424947
33702008
26412085
26483433
26422719
49183479
72274767
26327082
1528264
816172
27065491
8106093
5944175
23427254
27019347
23655434
22943158
26350953
2172487
57650557
756415
11194240
17299574
26175779
27065901
14191171
26975526
23847549
2383903
59089389
51082494
5104668
3147205
60394557
1788159
16045229
7047987
3002912
25401160
55740053
16728281
40431920
55692724
33403831
44862724
61998229
60691588
21970579
2978666
11095000
4689399
2419849
26400021
26312661
27484977
32548412
6109077
26351799
26504173
49242939
6368874
25653697
24720005
13859378
225697
616575
38411226
19950522
8643069
1425088
21325310
26223494
8163687
27889541
26969489
27305013
24489365
27022645
1110921
258947
11678603
8663867
14467865
11400560
615868
28267458
20944530
26324522
15784907
68093357
26471641
7560958
15813970
30461996
26483118
43228325
26694779
53887567
26412972
17134500
16271519
26409766
454123
1172821
15814113
5623389
48336326
5691999
7438382
4417479
26175615
66297068
36821136
6338267
18461012
34221322
32557297
5976749
11866028
11983915
25817590
30775460
32134804
53719334
43978568
55856437
27554276
35479994
62590978
11503512
36468911
55040578
6107072
52359495
37901082
28373931
19160755
27613715
25526754
43200532
15204182
26246254
26260760
26515941
11633702
52556122
53785730
23281411
30234763
64293293
10969775
26435980
23524334
17131103
29513352
524577
66164
41946020
623737
19663278
12936734
27487632
58725502
26575935
26314487
26246820
26148706
7787459
26527706
7523476
27226568
26348051
60691735
5420926
47639918
4647641
7751886
26248282
42158625
15784990
27608367
26411946
19908023
52918701
8298164
26500778
32964106
15556233
26236768
1467060
26259320
47417284
6168279
8112827
615871
25674794
26350128
5877061
6256706
24164185
15418404
5678238
46926012
58741253
22495980
26410756
62637761
26439470
60691986
26223540
3112042
1449452
34573480
40960139
9232567
14024423
8464739
25666822
15850742
2582550
34518845
11926805
54686614
54115493
64533867
41806899
65753707
1776954
14755015
44713890
24125168
11082134
7787502
615848
5679321
11634559
413277
39614613
64647176
69867135
7597195
11454648
24090990
8415841
69189079
7836511
26403712
26335995
13618035
5212307
36964464
5636102
53025290
62438057
26248922
13169458
48675398
27140882
56670448
7740347
816790
14947287
37602300
2702114
26440054
29729688
10490788
17829691
8323832
26474765
34678069
4224877
10169591
26471807
35440786
17335886
27081125
424153
39339956
54970168
8644304
34679631
1108810
44012553
6744913
25828420
7523277
25603358
7899529
26422770
27115831
27794720
26526860
52299395
64036997
7114920
46778907
69137473
6263471
43427405
4225428
971550
25766141
34736097
31067255
1230050
40242922
64470412
34973257
5901324
11820711
16959164
71587111
27342735
26577650
20520280
26310517
9996595
57409248
38152430
28698069
26093501
12965052
15308607
26315024
2592347
21338244
26388025
26298142
53849681
27553954
9996292
75629749
21197710
8868081
40431515
11463821
5960297
7555404
27079985
54532463
38478050
685906
19598762
11277442
29038980
2604815
26246400
9996763
6853818
27589292
61952825
68529340
21407514
11113716
15753306
1371507
71783470
8113728
29423222
38791384
22282719
3307429
12103365
20815719
16588
26411723
28381339
26223739
9950665
74736556
67680301
27017908
26312286
33832102
3254591
4129695
69105148
49202723
51922058
14903932
15785287
28127734
27127697
26252821
26578926
26500191
6366313
8590065
26515206
1805027
13173093
27599372
25876252
70604359
4433717
25020254
30073982
3195344
47316797
8642631
27065443
15430291
5591064
35512282
39954426
43310613
27396118
987976
3149157
57886985
4337528
13538150
20890676
5570397
53426378
31122511
5965514
21671495
52310883
1896409
6409998
22573395
63806061
52265
2818020
60692150
28296813
7313873
70048783
66225495
32324945
41813108
6717107
26437202
5661576
26953810
66757916
33746703
616584
25993555
17758067
67529078
55736054
15912501
14404691
6493586
50072913
5828823
72897182
12345675
5041641
51614425
59574472
59435125
1298631
24880535
26325253
47743471
26701594
3039242
12424836
12424455
12425341
12425940
21324305
12086014
7740447
47921993
6192475
11207975
69845531
4181432
62402072
1578832
61460158
5127583
60813624
68890621
62778204
69178054
30729027
26314320
53034598
69129681
53504816
26501258
5728607
22739102
26436026
2775534
15934088
3921056
26297337
8472151
6448765
21162104
19191577
9097121
6956702
23598923
23166492
63104983
616622
46974107
72658872
8868382
26236839
69853311
15045991
47938887
33361355
57373743
1728086
22844508
5970523
27128762
46973875
7973401
15448250
12187632
40224449
71604679
2986103
25933210
34289503
18143235
26131578
42523068
27565709
1257757
11325289
52732346
7934578
39606398
5194397
1302425
27601864
34063006
15917128
1133034
40335511
27224973
1447093
75455967
46730217
49187527
6838558
7601808
3836689
62402158
5818181
1151531
42500877
62570170
30429099
13379335
61460190
19591982
6975428
26953210
7904134
2204898
16890953
13064146
3148869
7438337
2783549
615785
3361055
26348154
1643230
8935347
32042421
55552194
24598651
35571486
5377281
5032503
1108841
7472250
22946595
11605224
8718730
816211
23939880
17130609
9389058
27554198
32035046
58956085
8107572
1116062
57804086
26220787
13548138
42158068
66085400
14553648
44478514
11401783
15467212
11946566
1658720
65046063
26152793
10898303
29519521
9608976
28694544
1543567
51072256
7391618
1794943
41606566
6389677
20911372
8442785
8115356
3798450
36890087
17417096
11277524
58938253
68538339
41925076
881937
24315206
64379244
1469201
42176139
39607032
26396176
26576024
42090230
26945560
57355506
26975869
2775475
58154837
39367524
26576501
17486345
38692611
8254219
4323179
27080855
58600117
15865018
37177546
37244803
36492061
12239636
5947603
1447216
27015112
1111788
26247198
26247610
14471284
27116494
754207
69716911
2526978
2819251
2295378
10637637
29788076
25673732
4999719
20543959
8023326
7438266
36957976
6358469
25692832
73380074
57355051
26246461
70837390
23474835
28714631
8728969
29765832
35241976
2295483
8137286
26220979
11277660
47519067
27274427
26410334
20805122
54146967
58083292
26136371
24187187
2001318
20514122
11198540
26503276
35905900
25105022
15039153
26701981
42703134
41310777
26891440
33431239
1395706
5636481
1071488
26439135
27080139
43640185
16488791
27255963
68881765
914828
63549066
72083212
49202993
26896025
17958441
26504981
16862381
59010317
5978874
26162857
63183445
36462340
29759862
60096153
50660578
61816755
45667373
24223895
2008759
6896061
51094347
8718322
53504644
41810047
1875606
3716030
26388112
26700194
26955296
13827584
27485122
8550161
14036425
20484539
4444669
1485599
9733618
26475277
26399557
9996671
72065254
1848546
27368514
3738161
8151723
35617643
37323214
26706685
50297679
56204862
6074429
26223970
60692257
5718124
29265396
27204596
25676315
26176292
3180840
26616320
3669975
27114322
29101609
26969384
2554351
13939461
4288499
53143493
26221110
68991460
15362391
3965614
4008530
20446326
14755579
29073990
40730447
42711698
27650532
20644591
26147485
29851818
5964710
69520003
32481655
27495914
15462775
19091478
57966182
7715967
60756929
27019446
31199445
6003894
1024181
32878480
65524251
6765915
26975570
2306479
59933386
33460365
63312565
9608836
42481489
59671646
615841
46428529
774850
26310712
7998254
26409839
15542557
8430208
24363824
8152121
4597462
27631778
26244062
17313575
69348063
12006406
1372000
5147302
40749745
25141717
34725036
45491574
8904991
26297856
26701063
735169
15151893
58763383
40815986
13908998
51778671
1472938
46660480
69853429
50548535
16255302
55865367
29801369
5906616
18332085
2082856
26493793
26969772
27608238
5230881
9061637
8561338
57482120
47795780
51216552
32098811
1117939
36504936
27601251
5238574
15263681
60692568
28790079
27565364
5975942
615883
43453119
40215367
63044321
26514933
6389682
15805822
24225006
15614234
55400311
7604229
18159701
66460625
55878027
69690693
747856
26236962
26259979
26955959
9996646
29200572
27578033
63910230
60692747
615844
12597078
9659376
17837829
70302622
58992214
3134221
30292199
3352883
9247846
20220190
16491662
52692211
27116630
40597977
8882739
33879379
11342037
52221947
733314
23041877
15533458
15814150
49232700
12484466
62590868
49301895
62475575
26475813
26264123
8917299
58716220
27589671
70185551
2645823
26505814
14904124
3527516
47217507
8418291
8418427
23842162
35827272
65977230
26501972
1449473
11680352
50907399
34318808
51500013
27226433
42921482
18765693
32716757
63133825
28314777
9959129
43118853
15881134
28992957
55878911
21478023
63126829
23419648
12979401
19540293
26259530
43032866
13629287
26412261
3064211
7544384
6943454
29802977
26484679
1116878
58081821
53226789
5997409
27506389
60684346
8645429
27128675
60860393
41435914
65885426
7624357
19089996
26516949
26312764
26954740
70107653
8821645
30934241
43968363
5651409
1886415
16027570
2604896
3418031
61416738
26351161
13635587
14652829
57160183
9532402
27205613
76394069
11918603
1086876
41467378
21351309
69021493
2865258
6976052
19221979
7544245
5935744
18780797
67896567
12665212
11639500
11199223
6010407
55176651
7981760
11277089
26389821
12045931
26248695
26931556
39183611
32993009
26471923
7133874
13543506
62582386
32556432
4596587
15881521
6231240
9924135
26295748
1812491
26397826
27506344
11206925
48561516
59694806
27017382
45092947
60210792
26324970
25795232
6590441
32503747
26175465
66762498
8251113
5811912
8462290
30875970
8171279
25768055
36784725
7393204
26221173
40169918
12446582
27866521
6944385
932030
69802720
13491553
47870530
20352984
55922202
62698641
26298667
16191343
7781742
3466115
3532317
5947406
53494287
229730
50454385
3834972
615887
10653321
8137736
26224048
8014916
53044437
12097488
54095831
67575329
9997450
27223448
24125027
35023585
42102315
26475553
42693323
27152546
58190590
54031898
54814519
42703653
26503007
26486424
17328594
6822571
9718313
7323064
27203775
26224174
7526050
11582916
22738829
9997667
6880475
50791107
11678709
26487138
8615292
46609306
69845441
69845488
67272123
27720081
67073582
50375978
18663504
4781588
7788082
27506869
32873496
58898564
8345605
26253005
51073013
49503072
5586722
43506008
40612547
72074837
729245
9666634
26312386
51207484
24315498
10636826
354084
26310903
69433907
8049105
12304669
26149650
26249006
3108868
26438277
57139394
12202809
75002079
6143259
742028
15089493
73084217
24470652
55683541
24312331
739512
4901752
5635835
4559487
56509953
23996842
24144796
23754066
42874156
69539583
3998327
27292252
15654642
33899277
12551034
7898965
43232301
39160527
2944556
1634523
33779260
42541859
59071997
1125746
16236513
54204098
616629
54457063
22938476
38543277
968330
35507077
10016225
43674042
10678321
22469418
53436993
756388
23194855
1643259
1339265
21310969
55436400
11092253
7836605
44530710
1298502
7808991
60519785
32306950
2398399
29851959
1933345
8718419
53205162
3166861
24565403
15687738
59340365
66762773
69575810
2458636
71246733
13621502
18528636
35665002
5032094
53513348
4182572
6883109
61849702
27411082
26386629
6762911
26438803
785045
23454048
15095938
42779347
47665400
1620017
67597632
25308962
47921705
4224234
9832587
1490138
543293
36288059
6987945
37003731
5917776
12484541
25916139
55018529
1489807
615792
9139489
26224279
58601060
6409728
75626803
53547807
26313643
68776071
32235560
27152709
69497621
43368951
6975696
31011404
5561530
26436223
9255175
61998925
33459455
21204495
8090465
13787948
65615762
9414078
2904341
8662892
5561529
27256530
27153144
33108645
17178497
6189785
3586582
1789056
26955421
27555448
65987685
51303858
20844679
27081728
15877475
47587129
65324480
1347830
4273432
6053813
75822247
58983809
75682114
2611915
615810
7528180
77880
1462512
2852092
37814118
27554047
21297969
21327649
64536280
22345685
64378226
5231755
26147828
61322825
26150962
23559849
11264685
41252569
5504615
20483815
29331748
8138
346905
26423116
13872738
7149472
3285405
61934279
27601390
4204931
71349409
1599043
27117373
38434489
20144528
21321994
7897802
29427244
55611669
73111197
69386447
